5 10000000
0.01684
0 91653 3
1 8347 3
2 0 3
3 0 3
4 0 3
5 0 3
6 0 3
7 0 3
8 0 3
9 0 3
10 0 3

0.017405
0 66703 4
1 33297 4
2 0 4
3 0 4
4 0 4
5 0 4
6 0 4
7 0 4
8 0 4
9 0 4
10 0 4

0.01729
0 28408 5
1 59683 5
2 11909 5
3 0 5
4 0 5
5 0 5
6 0 5
7 0 5
8 0 5
9 0 5
10 0 5

0.017809
0 4639 6
1 28695 6
2 64256 6
3 0 6
4 2410 6
5 0 6
6 0 6
7 0 6
8 0 6
9 0 6
10 0 6

0.018247
0 0 7
1 0 7
2 25088 7
3 58291 7
4 16621 7
5 0 7
6 0 7
7 0 7
8 0 7
9 0 7
10 0 7

0.016034
0 0 8
1 0 8
2 0 8
3 0 8
4 33356 8
5 66644 8
6 0 8
7 0 8
8 0 8
9 0 8
10 0 8

0.015467
0 0 9
1 0 9
2 0 9
3 0 9
4 0 9
5 0 9
6 0 9
7 100000 9
8 0 9
9 0 9
10 0 9

0.015397
0 0 10
1 0 10
2 0 10
3 0 10
4 0 10
5 0 10
6 0 10
7 0 10
8 0 10
9 0 10
10 100000 10

