6 10000000
0.021591
0 95594 3
1 4406 3
2 0 3
3 0 3
4 0 3
5 0 3
6 0 3
7 0 3
8 0 3
9 0 3
10 0 3
11 0 3
12 0 3
13 0 3
14 0 3
15 0 3
16 0 3
17 0 3
18 0 3
19 0 3
20 0 3

0.02884
0 82537 4
1 17463 4
2 0 4
3 0 4
4 0 4
5 0 4
6 0 4
7 0 4
8 0 4
9 0 4
10 0 4
11 0 4
12 0 4
13 0 4
14 0 4
15 0 4
16 0 4
17 0 4
18 0 4
19 0 4
20 0 4

0.026517
0 59392 5
1 37717 5
2 2891 5
3 0 5
4 0 5
5 0 5
6 0 5
7 0 5
8 0 5
9 0 5
10 0 5
11 0 5
12 0 5
13 0 5
14 0 5
15 0 5
16 0 5
17 0 5
18 0 5
19 0 5
20 0 5

0.027241
0 31082 6
1 50625 6
2 18015 6
3 0 6
4 278 6
5 0 6
6 0 6
7 0 6
8 0 6
9 0 6
10 0 6
11 0 6
12 0 6
13 0 6
14 0 6
15 0 6
16 0 6
17 0 6
18 0 6
19 0 6
20 0 6

0.029399
0 10233 7
1 36346 7
2 44868 7
3 6443 7
4 2110 7
5 0 7
6 0 7
7 0 7
8 0 7
9 0 7
10 0 7
11 0 7
12 0 7
13 0 7
14 0 7
15 0 7
16 0 7
17 0 7
18 0 7
19 0 7
20 0 7

0.029756
0 1592 8
1 11051 8
2 39227 8
3 38308 8
4 7005 8
5 2817 8
6 0 8
7 0 8
8 0 8
9 0 8
10 0 8
11 0 8
12 0 8
13 0 8
14 0 8
15 0 8
16 0 8
17 0 8
18 0 8
19 0 8
20 0 8

0.030184
0 195 9
1 0 9
2 10165 9
3 32546 9
4 36639 9
5 19326 9
6 0 9
7 1129 9
8 0 9
9 0 9
10 0 9
11 0 9
12 0 9
13 0 9
14 0 9
15 0 9
16 0 9
17 0 9
18 0 9
19 0 9
20 0 9

0.030533
0 0 10
1 0 10
2 0 10
3 1980 10
4 19278 10
5 38552 10
6 29883 10
7 10089 10
8 0 10
9 0 10
10 218 10
11 0 10
12 0 10
13 0 10
14 0 10
15 0 10
16 0 10
17 0 10
18 0 10
19 0 10
20 0 10

0.029977
0 0 11
1 0 11
2 0 11
3 0 11
4 0 11
5 0 11
6 23872 11
7 30714 11
8 43185 11
9 0 11
10 2229 11
11 0 11
12 0 11
13 0 11
14 0 11
15 0 11
16 0 11
17 0 11
18 0 11
19 0 11
20 0 11

0.027265
0 0 12
1 0 12
2 0 12
3 0 12
4 0 12
5 0 12
6 0 12
7 0 12
8 3225 12
9 39457 12
10 44035 12
11 13283 12
12 0 12
13 0 12
14 0 12
15 0 12
16 0 12
17 0 12
18 0 12
19 0 12
20 0 12

0.022569
0 0 13
1 0 13
2 0 13
3 0 13
4 0 13
5 0 13
6 0 13
7 0 13
8 0 13
9 0 13
10 0 13
11 0 13
12 42983 13
13 57017 13
14 0 13
15 0 13
16 0 13
17 0 13
18 0 13
19 0 13
20 0 13

0.021897
0 0 14
1 0 14
2 0 14
3 0 14
4 0 14
5 0 14
6 0 14
7 0 14
8 0 14
9 0 14
10 0 14
11 0 14
12 0 14
13 0 14
14 0 14
15 0 14
16 100000 14
17 0 14
18 0 14
19 0 14
20 0 14

0.021963
0 0 15
1 0 15
2 0 15
3 0 15
4 0 15
5 0 15
6 0 15
7 0 15
8 0 15
9 0 15
10 0 15
11 0 15
12 0 15
13 0 15
14 0 15
15 0 15
16 0 15
17 0 15
18 0 15
19 0 15
20 100000 15

