7 10000000
0.02508
0 97366 3
1 2634 3
2 0 3
3 0 3
4 0 3
5 0 3
6 0 3
7 0 3
8 0 3
9 0 3
10 0 3
11 0 3
12 0 3
13 0 3
14 0 3
15 0 3
16 0 3
17 0 3
18 0 3
19 0 3
20 0 3
21 0 3
22 0 3
23 0 3
24 0 3
25 0 3
26 0 3
27 0 3
28 0 3
29 0 3
30 0 3
31 0 3
32 0 3
33 0 3
34 0 3
35 0 3

0.02733
0 89381 4
1 10619 4
2 0 4
3 0 4
4 0 4
5 0 4
6 0 4
7 0 4
8 0 4
9 0 4
10 0 4
11 0 4
12 0 4
13 0 4
14 0 4
15 0 4
16 0 4
17 0 4
18 0 4
19 0 4
20 0 4
21 0 4
22 0 4
23 0 4
24 0 4
25 0 4
26 0 4
27 0 4
28 0 4
29 0 4
30 0 4
31 0 4
32 0 4
33 0 4
34 0 4
35 0 4

0.031153
0 74720 5
1 24231 5
2 1049 5
3 0 5
4 0 5
5 0 5
6 0 5
7 0 5
8 0 5
9 0 5
10 0 5
11 0 5
12 0 5
13 0 5
14 0 5
15 0 5
16 0 5
17 0 5
18 0 5
19 0 5
20 0 5
21 0 5
22 0 5
23 0 5
24 0 5
25 0 5
26 0 5
27 0 5
28 0 5
29 0 5
30 0 5
31 0 5
32 0 5
33 0 5
34 0 5
35 0 5

0.032021
0 53983 6
1 39391 6
2 6564 6
3 0 6
4 62 6
5 0 6
6 0 6
7 0 6
8 0 6
9 0 6
10 0 6
11 0 6
12 0 6
13 0 6
14 0 6
15 0 6
16 0 6
17 0 6
18 0 6
19 0 6
20 0 6
21 0 6
22 0 6
23 0 6
24 0 6
25 0 6
26 0 6
27 0 6
28 0 6
29 0 6
30 0 6
31 0 6
32 0 6
33 0 6
34 0 6
35 0 6

0.034877
0 31695 7
1 46279 7
2 20277 7
3 1299 7
4 450 7
5 0 7
6 0 7
7 0 7
8 0 7
9 0 7
10 0 7
11 0 7
12 0 7
13 0 7
14 0 7
15 0 7
16 0 7
17 0 7
18 0 7
19 0 7
20 0 7
21 0 7
22 0 7
23 0 7
24 0 7
25 0 7
26 0 7
27 0 7
28 0 7
29 0 7
30 0 7
31 0 7
32 0 7
33 0 7
34 0 7
35 0 7

0.037374
0 14290 8
1 37891 8
2 36697 8
3 9222 8
4 1572 8
5 328 8
6 0 8
7 0 8
8 0 8
9 0 8
10 0 8
11 0 8
12 0 8
13 0 8
14 0 8
15 0 8
16 0 8
17 0 8
18 0 8
19 0 8
20 0 8
21 0 8
22 0 8
23 0 8
24 0 8
25 0 8
26 0 8
27 0 8
28 0 8
29 0 8
30 0 8
31 0 8
32 0 8
33 0 8
34 0 8
35 0 8

0.043574
0 4280 9
1 19383 9
2 39404 9
3 27528 9
4 6741 9
5 2591 9
6 0 9
7 73 9
8 0 9
9 0 9
10 0 9
11 0 9
12 0 9
13 0 9
14 0 9
15 0 9
16 0 9
17 0 9
18 0 9
19 0 9
20 0 9
21 0 9
22 0 9
23 0 9
24 0 9
25 0 9
26 0 9
27 0 9
28 0 9
29 0 9
30 0 9
31 0 9
32 0 9
33 0 9
34 0 9
35 0 9

0.042769
0 846 10
1 5240 10
2 22339 10
3 35578 10
4 24259 10
5 9299 10
6 1738 10
7 694 10
8 0 10
9 0 10
10 7 10
11 0 10
12 0 10
13 0 10
14 0 10
15 0 10
16 0 10
17 0 10
18 0 10
19 0 10
20 0 10
21 0 10
22 0 10
23 0 10
24 0 10
25 0 10
26 0 10
27 0 10
28 0 10
29 0 10
30 0 10
31 0 10
32 0 10
33 0 10
34 0 10
35 0 10

0.044516
0 106 11
1 533 11
2 4870 11
3 19508 11
4 31694 11
5 26671 11
6 12462 11
7 2978 11
8 1105 11
9 0 11
10 73 11
11 0 11
12 0 11
13 0 11
14 0 11
15 0 11
16 0 11
17 0 11
18 0 11
19 0 11
20 0 11
21 0 11
22 0 11
23 0 11
24 0 11
25 0 11
26 0 11
27 0 11
28 0 11
29 0 11
30 0 11
31 0 11
32 0 11
33 0 11
34 0 11
35 0 11

0.046266
0 8 12
1 0 12
2 430 12
3 1990 12
4 13535 12
5 26392 12
6 29817 12
7 17710 12
8 8808 12
9 445 12
10 739 12
11 126 12
12 0 12
13 0 12
14 0 12
15 0 12
16 0 12
17 0 12
18 0 12
19 0 12
20 0 12
21 0 12
22 0 12
23 0 12
24 0 12
25 0 12
26 0 12
27 0 12
28 0 12
29 0 12
30 0 12
31 0 12
32 0 12
33 0 12
34 0 12
35 0 12

0.046174
0 0 13
1 0 13
2 0 13
3 96 13
4 346 13
5 4358 13
6 17904 13
7 28786 13
8 24631 13
9 17846 13
10 4378 13
11 1268 13
12 166 13
13 221 13
14 0 13
15 0 13
16 0 13
17 0 13
18 0 13
19 0 13
20 0 13
21 0 13
22 0 13
23 0 13
24 0 13
25 0 13
26 0 13
27 0 13
28 0 13
29 0 13
30 0 13
31 0 13
32 0 13
33 0 13
34 0 13
35 0 13

0.046385
0 0 14
1 0 14
2 0 14
3 0 14
4 0 14
5 0 14
6 487 14
7 2891 14
8 19294 14
9 25199 14
10 28431 14
11 17373 14
12 4153 14
13 2064 14
14 0 14
15 0 14
16 108 14
17 0 14
18 0 14
19 0 14
20 0 14
21 0 14
22 0 14
23 0 14
24 0 14
25 0 14
26 0 14
27 0 14
28 0 14
29 0 14
30 0 14
31 0 14
32 0 14
33 0 14
34 0 14
35 0 14

0.045176
0 0 15
1 0 15
2 0 15
3 0 15
4 0 15
5 0 15
6 0 15
7 0 15
8 0 15
9 916 15
10 10545 15
11 26569 15
12 28060 15
13 22363 15
14 10419 15
15 0 15
16 1116 15
17 0 15
18 0 15
19 0 15
20 12 15
21 0 15
22 0 15
23 0 15
24 0 15
25 0 15
26 0 15
27 0 15
28 0 15
29 0 15
30 0 15
31 0 15
32 0 15
33 0 15
34 0 15
35 0 15

0.04329
0 0 16
1 0 16
2 0 16
3 0 16
4 0 16
5 0 16
6 0 16
7 0 16
8 0 16
9 0 16
10 0 16
11 0 16
12 541 16
13 14400 16
14 28273 16
15 32279 16
16 17088 16
17 7206 16
18 0 16
19 0 16
20 213 16
21 0 16
22 0 16
23 0 16
24 0 16
25 0 16
26 0 16
27 0 16
28 0 16
29 0 16
30 0 16
31 0 16
32 0 16
33 0 16
34 0 16
35 0 16

0.040621
0 0 17
1 0 17
2 0 17
3 0 17
4 0 17
5 0 17
6 0 17
7 0 17
8 0 17
9 0 17
10 0 17
11 0 17
12 0 17
13 0 17
14 0 17
15 0 17
16 5480 17
17 34903 17
18 28196 17
19 29742 17
20 0 17
21 1679 17
22 0 17
23 0 17
24 0 17
25 0 17
26 0 17
27 0 17
28 0 17
29 0 17
30 0 17
31 0 17
32 0 17
33 0 17
34 0 17
35 0 17

0.040127
0 0 18
1 0 18
2 0 18
3 0 18
4 0 18
5 0 18
6 0 18
7 0 18
8 0 18
9 0 18
10 0 18
11 0 18
12 0 18
13 0 18
14 0 18
15 0 18
16 0 18
17 0 18
18 0 18
19 0 18
20 7885 18
21 47370 18
22 34064 18
23 10681 18
24 0 18
25 0 18
26 0 18
27 0 18
28 0 18
29 0 18
30 0 18
31 0 18
32 0 18
33 0 18
34 0 18
35 0 18

0.033134
0 0 19
1 0 19
2 0 19
3 0 19
4 0 19
5 0 19
6 0 19
7 0 19
8 0 19
9 0 19
10 0 19
11 0 19
12 0 19
13 0 19
14 0 19
15 0 19
16 0 19
17 0 19
18 0 19
19 0 19
20 0 19
21 0 19
22 0 19
23 0 19
24 0 19
25 49955 19
26 50045 19
27 0 19
28 0 19
29 0 19
30 0 19
31 0 19
32 0 19
33 0 19
34 0 19
35 0 19

0.031112
0 0 20
1 0 20
2 0 20
3 0 20
4 0 20
5 0 20
6 0 20
7 0 20
8 0 20
9 0 20
10 0 20
11 0 20
12 0 20
13 0 20
14 0 20
15 0 20
16 0 20
17 0 20
18 0 20
19 0 20
20 0 20
21 0 20
22 0 20
23 0 20
24 0 20
25 0 20
26 0 20
27 0 20
28 0 20
29 0 20
30 100000 20
31 0 20
32 0 20
33 0 20
34 0 20
35 0 20

0.031097
0 0 21
1 0 21
2 0 21
3 0 21
4 0 21
5 0 21
6 0 21
7 0 21
8 0 21
9 0 21
10 0 21
11 0 21
12 0 21
13 0 21
14 0 21
15 0 21
16 0 21
17 0 21
18 0 21
19 0 21
20 0 21
21 0 21
22 0 21
23 0 21
24 0 21
25 0 21
26 0 21
27 0 21
28 0 21
29 0 21
30 0 21
31 0 21
32 0 21
33 0 21
34 0 21
35 100000 21

