8 10000000
0.032177
0 98310 3
1 1690 3
2 0 3
3 0 3
4 0 3
5 0 3
6 0 3
7 0 3
8 0 3
9 0 3
10 0 3
11 0 3
12 0 3
13 0 3
14 0 3
15 0 3
16 0 3
17 0 3
18 0 3
19 0 3
20 0 3
21 0 3
22 0 3
23 0 3
24 0 3
25 0 3
26 0 3
27 0 3
28 0 3
29 0 3
30 0 3
31 0 3
32 0 3
33 0 3
34 0 3
35 0 3
36 0 3
37 0 3
38 0 3
39 0 3
40 0 3
41 0 3
42 0 3
43 0 3
44 0 3
45 0 3
46 0 3
47 0 3
48 0 3
49 0 3
50 0 3
51 0 3
52 0 3
53 0 3
54 0 3
55 0 3
56 0 3

0.034743
0 93147 4
1 6853 4
2 0 4
3 0 4
4 0 4
5 0 4
6 0 4
7 0 4
8 0 4
9 0 4
10 0 4
11 0 4
12 0 4
13 0 4
14 0 4
15 0 4
16 0 4
17 0 4
18 0 4
19 0 4
20 0 4
21 0 4
22 0 4
23 0 4
24 0 4
25 0 4
26 0 4
27 0 4
28 0 4
29 0 4
30 0 4
31 0 4
32 0 4
33 0 4
34 0 4
35 0 4
36 0 4
37 0 4
38 0 4
39 0 4
40 0 4
41 0 4
42 0 4
43 0 4
44 0 4
45 0 4
46 0 4
47 0 4
48 0 4
49 0 4
50 0 4
51 0 4
52 0 4
53 0 4
54 0 4
55 0 4
56 0 4

0.03778
0 83266 5
1 16322 5
2 412 5
3 0 5
4 0 5
5 0 5
6 0 5
7 0 5
8 0 5
9 0 5
10 0 5
11 0 5
12 0 5
13 0 5
14 0 5
15 0 5
16 0 5
17 0 5
18 0 5
19 0 5
20 0 5
21 0 5
22 0 5
23 0 5
24 0 5
25 0 5
26 0 5
27 0 5
28 0 5
29 0 5
30 0 5
31 0 5
32 0 5
33 0 5
34 0 5
35 0 5
36 0 5
37 0 5
38 0 5
39 0 5
40 0 5
41 0 5
42 0 5
43 0 5
44 0 5
45 0 5
46 0 5
47 0 5
48 0 5
49 0 5
50 0 5
51 0 5
52 0 5
53 0 5
54 0 5
55 0 5
56 0 5

0.039138
0 68555 6
1 28685 6
2 2742 6
3 0 6
4 18 6
5 0 6
6 0 6
7 0 6
8 0 6
9 0 6
10 0 6
11 0 6
12 0 6
13 0 6
14 0 6
15 0 6
16 0 6
17 0 6
18 0 6
19 0 6
20 0 6
21 0 6
22 0 6
23 0 6
24 0 6
25 0 6
26 0 6
27 0 6
28 0 6
29 0 6
30 0 6
31 0 6
32 0 6
33 0 6
34 0 6
35 0 6
36 0 6
37 0 6
38 0 6
39 0 6
40 0 6
41 0 6
42 0 6
43 0 6
44 0 6
45 0 6
46 0 6
47 0 6
48 0 6
49 0 6
50 0 6
51 0 6
52 0 6
53 0 6
54 0 6
55 0 6
56 0 6

0.042032
0 50627 7
1 39666 7
2 9231 7
3 337 7
4 139 7
5 0 7
6 0 7
7 0 7
8 0 7
9 0 7
10 0 7
11 0 7
12 0 7
13 0 7
14 0 7
15 0 7
16 0 7
17 0 7
18 0 7
19 0 7
20 0 7
21 0 7
22 0 7
23 0 7
24 0 7
25 0 7
26 0 7
27 0 7
28 0 7
29 0 7
30 0 7
31 0 7
32 0 7
33 0 7
34 0 7
35 0 7
36 0 7
37 0 7
38 0 7
39 0 7
40 0 7
41 0 7
42 0 7
43 0 7
44 0 7
45 0 7
46 0 7
47 0 7
48 0 7
49 0 7
50 0 7
51 0 7
52 0 7
53 0 7
54 0 7
55 0 7
56 0 7

0.045525
0 32032 8
1 43940 8
2 20804 8
3 2669 8
4 501 8
5 54 8
6 0 8
7 0 8
8 0 8
9 0 8
10 0 8
11 0 8
12 0 8
13 0 8
14 0 8
15 0 8
16 0 8
17 0 8
18 0 8
19 0 8
20 0 8
21 0 8
22 0 8
23 0 8
24 0 8
25 0 8
26 0 8
27 0 8
28 0 8
29 0 8
30 0 8
31 0 8
32 0 8
33 0 8
34 0 8
35 0 8
36 0 8
37 0 8
38 0 8
39 0 8
40 0 8
41 0 8
42 0 8
43 0 8
44 0 8
45 0 8
46 0 8
47 0 8
48 0 8
49 0 8
50 0 8
51 0 8
52 0 8
53 0 8
54 0 8
55 0 8
56 0 8

0.048091
0 16965 9
1 37682 9
2 33142 9
3 10013 9
4 1723 9
5 466 9
6 0 9
7 9 9
8 0 9
9 0 9
10 0 9
11 0 9
12 0 9
13 0 9
14 0 9
15 0 9
16 0 9
17 0 9
18 0 9
19 0 9
20 0 9
21 0 9
22 0 9
23 0 9
24 0 9
25 0 9
26 0 9
27 0 9
28 0 9
29 0 9
30 0 9
31 0 9
32 0 9
33 0 9
34 0 9
35 0 9
36 0 9
37 0 9
38 0 9
39 0 9
40 0 9
41 0 9
42 0 9
43 0 9
44 0 9
45 0 9
46 0 9
47 0 9
48 0 9
49 0 9
50 0 9
51 0 9
52 0 9
53 0 9
54 0 9
55 0 9
56 0 9

0.051012
0 7057 10
1 24321 10
2 36714 10
3 22966 10
4 6640 10
5 2015 10
6 204 10
7 82 10
8 0 10
9 0 10
10 1 10
11 0 10
12 0 10
13 0 10
14 0 10
15 0 10
16 0 10
17 0 10
18 0 10
19 0 10
20 0 10
21 0 10
22 0 10
23 0 10
24 0 10
25 0 10
26 0 10
27 0 10
28 0 10
29 0 10
30 0 10
31 0 10
32 0 10
33 0 10
34 0 10
35 0 10
36 0 10
37 0 10
38 0 10
39 0 10
40 0 10
41 0 10
42 0 10
43 0 10
44 0 10
45 0 10
46 0 10
47 0 10
48 0 10
49 0 10
50 0 10
51 0 10
52 0 10
53 0 10
54 0 10
55 0 10
56 0 10

0.054519
0 2121 11
1 11068 11
2 27775 11
3 32230 11
4 17873 11
5 6734 11
6 1736 11
7 384 11
8 77 11
9 0 11
10 2 11
11 0 11
12 0 11
13 0 11
14 0 11
15 0 11
16 0 11
17 0 11
18 0 11
19 0 11
20 0 11
21 0 11
22 0 11
23 0 11
24 0 11
25 0 11
26 0 11
27 0 11
28 0 11
29 0 11
30 0 11
31 0 11
32 0 11
33 0 11
34 0 11
35 0 11
36 0 11
37 0 11
38 0 11
39 0 11
40 0 11
41 0 11
42 0 11
43 0 11
44 0 11
45 0 11
46 0 11
47 0 11
48 0 11
49 0 11
50 0 11
51 0 11
52 0 11
53 0 11
54 0 11
55 0 11
56 0 11

0.057662
0 482 12
1 3130 12
2 12971 12
3 27351 12
4 28749 12
5 17317 12
6 7176 12
7 2030 12
8 732 12
9 15 12
10 40 12
11 7 12
12 0 12
13 0 12
14 0 12
15 0 12
16 0 12
17 0 12
18 0 12
19 0 12
20 0 12
21 0 12
22 0 12
23 0 12
24 0 12
25 0 12
26 0 12
27 0 12
28 0 12
29 0 12
30 0 12
31 0 12
32 0 12
33 0 12
34 0 12
35 0 12
36 0 12
37 0 12
38 0 12
39 0 12
40 0 12
41 0 12
42 0 12
43 0 12
44 0 12
45 0 12
46 0 12
47 0 12
48 0 12
49 0 12
50 0 12
51 0 12
52 0 12
53 0 12
54 0 12
55 0 12
56 0 12

0.060846
0 89 13
1 566 13
2 3356 13
3 12269 13
4 24578 13
5 26975 13
6 19028 13
7 8604 13
8 3425 13
9 786 13
10 257 13
11 53 13
12 4 13
13 10 13
14 0 13
15 0 13
16 0 13
17 0 13
18 0 13
19 0 13
20 0 13
21 0 13
22 0 13
23 0 13
24 0 13
25 0 13
26 0 13
27 0 13
28 0 13
29 0 13
30 0 13
31 0 13
32 0 13
33 0 13
34 0 13
35 0 13
36 0 13
37 0 13
38 0 13
39 0 13
40 0 13
41 0 13
42 0 13
43 0 13
44 0 13
45 0 13
46 0 13
47 0 13
48 0 13
49 0 13
50 0 13
51 0 13
52 0 13
53 0 13
54 0 13
55 0 13
56 0 13

0.063129
0 18 14
1 43 14
2 506 14
3 2283 14
4 9510 14
5 20787 14
6 26008 14
7 21225 14
8 12003 14
9 5424 14
10 1434 14
11 608 14
12 94 14
13 57 14
14 0 14
15 0 14
16 0 14
17 0 14
18 0 14
19 0 14
20 0 14
21 0 14
22 0 14
23 0 14
24 0 14
25 0 14
26 0 14
27 0 14
28 0 14
29 0 14
30 0 14
31 0 14
32 0 14
33 0 14
34 0 14
35 0 14
36 0 14
37 0 14
38 0 14
39 0 14
40 0 14
41 0 14
42 0 14
43 0 14
44 0 14
45 0 14
46 0 14
47 0 14
48 0 14
49 0 14
50 0 14
51 0 14
52 0 14
53 0 14
54 0 14
55 0 14
56 0 14

0.066307
0 0 15
1 0 15
2 33 15
3 191 15
4 1216 15
5 5399 15
6 15283 15
7 23123 15
8 23837 15
9 16404 15
10 9430 15
11 3521 15
12 972 15
13 459 15
14 124 15
15 0 15
16 8 15
17 0 15
18 0 15
19 0 15
20 0 15
21 0 15
22 0 15
23 0 15
24 0 15
25 0 15
26 0 15
27 0 15
28 0 15
29 0 15
30 0 15
31 0 15
32 0 15
33 0 15
34 0 15
35 0 15
36 0 15
37 0 15
38 0 15
39 0 15
40 0 15
41 0 15
42 0 15
43 0 15
44 0 15
45 0 15
46 0 15
47 0 15
48 0 15
49 0 15
50 0 15
51 0 15
52 0 15
53 0 15
54 0 15
55 0 15
56 0 15

0.068891
0 0 16
1 0 16
2 0 16
3 11 16
4 29 16
5 351 16
6 1879 16
7 7446 16
8 17122 16
9 23489 16
10 21251 16
11 15952 16
12 7798 16
13 3023 16
14 1282 16
15 172 16
16 159 16
17 35 16
18 0 16
19 0 16
20 1 16
21 0 16
22 0 16
23 0 16
24 0 16
25 0 16
26 0 16
27 0 16
28 0 16
29 0 16
30 0 16
31 0 16
32 0 16
33 0 16
34 0 16
35 0 16
36 0 16
37 0 16
38 0 16
39 0 16
40 0 16
41 0 16
42 0 16
43 0 16
44 0 16
45 0 16
46 0 16
47 0 16
48 0 16
49 0 16
50 0 16
51 0 16
52 0 16
53 0 16
54 0 16
55 0 16
56 0 16

0.068751
0 0 17
1 0 17
2 0 17
3 0 17
4 2 17
5 0 17
6 42 17
7 290 17
8 1876 17
9 7219 17
10 17348 17
11 22307 17
12 21657 17
13 15501 17
14 8572 17
15 3610 17
16 964 17
17 486 17
18 73 17
19 50 17
20 2 17
21 1 17
22 0 17
23 0 17
24 0 17
25 0 17
26 0 17
27 0 17
28 0 17
29 0 17
30 0 17
31 0 17
32 0 17
33 0 17
34 0 17
35 0 17
36 0 17
37 0 17
38 0 17
39 0 17
40 0 17
41 0 17
42 0 17
43 0 17
44 0 17
45 0 17
46 0 17
47 0 17
48 0 17
49 0 17
50 0 17
51 0 17
52 0 17
53 0 17
54 0 17
55 0 17
56 0 17

0.068835
0 0 18
1 0 18
2 0 18
3 0 18
4 0 18
5 0 18
6 0 18
7 0 18
8 16 18
9 112 18
10 1128 18
11 4800 18
12 14627 18
13 21087 18
14 22141 18
15 18062 18
16 10774 18
17 4824 18
18 1545 18
19 743 18
20 12 18
21 89 18
22 28 18
23 12 18
24 0 18
25 0 18
26 0 18
27 0 18
28 0 18
29 0 18
30 0 18
31 0 18
32 0 18
33 0 18
34 0 18
35 0 18
36 0 18
37 0 18
38 0 18
39 0 18
40 0 18
41 0 18
42 0 18
43 0 18
44 0 18
45 0 18
46 0 18
47 0 18
48 0 18
49 0 18
50 0 18
51 0 18
52 0 18
53 0 18
54 0 18
55 0 18
56 0 18

0.068293
0 0 19
1 0 19
2 0 19
3 0 19
4 0 19
5 0 19
6 0 19
7 0 19
8 0 19
9 0 19
10 0 19
11 0 19
12 298 19
13 1464 19
14 8430 19
15 18130 19
16 22689 19
17 20660 19
18 15802 19
19 7661 19
20 3710 19
21 517 19
22 501 19
23 116 19
24 0 19
25 11 19
26 11 19
27 0 19
28 0 19
29 0 19
30 0 19
31 0 19
32 0 19
33 0 19
34 0 19
35 0 19
36 0 19
37 0 19
38 0 19
39 0 19
40 0 19
41 0 19
42 0 19
43 0 19
44 0 19
45 0 19
46 0 19
47 0 19
48 0 19
49 0 19
50 0 19
51 0 19
52 0 19
53 0 19
54 0 19
55 0 19
56 0 19

0.066869
0 0 20
1 0 20
2 0 20
3 0 20
4 0 20
5 0 20
6 0 20
7 0 20
8 0 20
9 0 20
10 0 20
11 0 20
12 0 20
13 0 20
14 0 20
15 128 20
16 1477 20
17 8759 20
18 18988 20
19 23144 20
20 22114 20
21 13467 20
22 8614 20
23 2232 20
24 674 20
25 199 20
26 199 20
27 0 20
28 0 20
29 0 20
30 5 20
31 0 20
32 0 20
33 0 20
34 0 20
35 0 20
36 0 20
37 0 20
38 0 20
39 0 20
40 0 20
41 0 20
42 0 20
43 0 20
44 0 20
45 0 20
46 0 20
47 0 20
48 0 20
49 0 20
50 0 20
51 0 20
52 0 20
53 0 20
54 0 20
55 0 20
56 0 20

0.06507
0 0 21
1 0 21
2 0 21
3 0 21
4 0 21
5 0 21
6 0 21
7 0 21
8 0 21
9 0 21
10 0 21
11 0 21
12 0 21
13 0 21
14 0 21
15 0 21
16 0 21
17 0 21
18 19 21
19 314 21
20 5530 21
21 16625 21
22 24113 21
23 22640 21
24 18221 21
25 8347 21
26 2774 21
27 1309 21
28 0 21
29 0 21
30 106 21
31 0 21
32 0 21
33 0 21
34 0 21
35 2 21
36 0 21
37 0 21
38 0 21
39 0 21
40 0 21
41 0 21
42 0 21
43 0 21
44 0 21
45 0 21
46 0 21
47 0 21
48 0 21
49 0 21
50 0 21
51 0 21
52 0 21
53 0 21
54 0 21
55 0 21
56 0 21

0.063185
0 0 22
1 0 22
2 0 22
3 0 22
4 0 22
5 0 22
6 0 22
7 0 22
8 0 22
9 0 22
10 0 22
11 0 22
12 0 22
13 0 22
14 0 22
15 0 22
16 0 22
17 0 22
18 0 22
19 0 22
20 0 22
21 0 22
22 0 22
23 463 22
24 8620 22
25 20988 22
26 27933 22
27 21011 22
28 14052 22
29 5973 22
30 53 22
31 889 22
32 0 22
33 0 22
34 0 22
35 18 22
36 0 22
37 0 22
38 0 22
39 0 22
40 0 22
41 0 22
42 0 22
43 0 22
44 0 22
45 0 22
46 0 22
47 0 22
48 0 22
49 0 22
50 0 22
51 0 22
52 0 22
53 0 22
54 0 22
55 0 22
56 0 22

0.059006
0 0 23
1 0 23
2 0 23
3 0 23
4 0 23
5 0 23
6 0 23
7 0 23
8 0 23
9 0 23
10 0 23
11 0 23
12 0 23
13 0 23
14 0 23
15 0 23
16 0 23
17 0 23
18 0 23
19 0 23
20 0 23
21 0 23
22 0 23
23 0 23
24 0 23
25 0 23
26 0 23
27 0 23
28 6016 23
29 22700 23
30 30418 23
31 24708 23
32 10876 23
33 5123 23
34 0 23
35 0 23
36 159 23
37 0 23
38 0 23
39 0 23
40 0 23
41 0 23
42 0 23
43 0 23
44 0 23
45 0 23
46 0 23
47 0 23
48 0 23
49 0 23
50 0 23
51 0 23
52 0 23
53 0 23
54 0 23
55 0 23
56 0 23

0.055882
0 0 24
1 0 24
2 0 24
3 0 24
4 0 24
5 0 24
6 0 24
7 0 24
8 0 24
9 0 24
10 0 24
11 0 24
12 0 24
13 0 24
14 0 24
15 0 24
16 0 24
17 0 24
18 0 24
19 0 24
20 0 24
21 0 24
22 0 24
23 0 24
24 0 24
25 0 24
26 0 24
27 0 24
28 0 24
29 0 24
30 0 24
31 0 24
32 538 24
33 12182 24
34 39641 24
35 24721 24
36 21488 24
37 0 24
38 1430 24
39 0 24
40 0 24
41 0 24
42 0 24
43 0 24
44 0 24
45 0 24
46 0 24
47 0 24
48 0 24
49 0 24
50 0 24
51 0 24
52 0 24
53 0 24
54 0 24
55 0 24
56 0 24

0.051329
0 0 25
1 0 25
2 0 25
3 0 25
4 0 25
5 0 25
6 0 25
7 0 25
8 0 25
9 0 25
10 0 25
11 0 25
12 0 25
13 0 25
14 0 25
15 0 25
16 0 25
17 0 25
18 0 25
19 0 25
20 0 25
21 0 25
22 0 25
23 0 25
24 0 25
25 0 25
26 0 25
27 0 25
28 0 25
29 0 25
30 0 25
31 0 25
32 0 25
33 0 25
34 0 25
35 0 25
36 0 25
37 0 25
38 12687 25
39 51447 25
40 27398 25
41 8468 25
42 0 25
43 0 25
44 0 25
45 0 25
46 0 25
47 0 25
48 0 25
49 0 25
50 0 25
51 0 25
52 0 25
53 0 25
54 0 25
55 0 25
56 0 25

0.046311
0 0 26
1 0 26
2 0 26
3 0 26
4 0 26
5 0 26
6 0 26
7 0 26
8 0 26
9 0 26
10 0 26
11 0 26
12 0 26
13 0 26
14 0 26
15 0 26
16 0 26
17 0 26
18 0 26
19 0 26
20 0 26
21 0 26
22 0 26
23 0 26
24 0 26
25 0 26
26 0 26
27 0 26
28 0 26
29 0 26
30 0 26
31 0 26
32 0 26
33 0 26
34 0 26
35 0 26
36 0 26
37 0 26
38 0 26
39 0 26
40 0 26
41 0 26
42 0 26
43 0 26
44 55500 26
45 44500 26
46 0 26
47 0 26
48 0 26
49 0 26
50 0 26
51 0 26
52 0 26
53 0 26
54 0 26
55 0 26
56 0 26

0.043091
0 0 27
1 0 27
2 0 27
3 0 27
4 0 27
5 0 27
6 0 27
7 0 27
8 0 27
9 0 27
10 0 27
11 0 27
12 0 27
13 0 27
14 0 27
15 0 27
16 0 27
17 0 27
18 0 27
19 0 27
20 0 27
21 0 27
22 0 27
23 0 27
24 0 27
25 0 27
26 0 27
27 0 27
28 0 27
29 0 27
30 0 27
31 0 27
32 0 27
33 0 27
34 0 27
35 0 27
36 0 27
37 0 27
38 0 27
39 0 27
40 0 27
41 0 27
42 0 27
43 0 27
44 0 27
45 0 27
46 0 27
47 0 27
48 0 27
49 0 27
50 100000 27
51 0 27
52 0 27
53 0 27
54 0 27
55 0 27
56 0 27

0.042359
0 0 28
1 0 28
2 0 28
3 0 28
4 0 28
5 0 28
6 0 28
7 0 28
8 0 28
9 0 28
10 0 28
11 0 28
12 0 28
13 0 28
14 0 28
15 0 28
16 0 28
17 0 28
18 0 28
19 0 28
20 0 28
21 0 28
22 0 28
23 0 28
24 0 28
25 0 28
26 0 28
27 0 28
28 0 28
29 0 28
30 0 28
31 0 28
32 0 28
33 0 28
34 0 28
35 0 28
36 0 28
37 0 28
38 0 28
39 0 28
40 0 28
41 0 28
42 0 28
43 0 28
44 0 28
45 0 28
46 0 28
47 0 28
48 0 28
49 0 28
50 0 28
51 0 28
52 0 28
53 0 28
54 0 28
55 0 28
56 100000 28

