101001111101100111110110001101100100011101110
111101000111110011101001111000010010111010111
010101011010101100101011010101011111111011010
101000111011100111111100000011111101100111001
010011101011111100110101101011110101100010011
110110110010010010110111111101101100110001110
101011100010011000111011100101110111011110101
111101101011100010001111110001110010110111100
110111001011011111110000111110100000000111111
100111001101110011000111010111110011010100111
011110001010011111110110111000101010000111111
100100111110111101011000011001111111000010111
101111101110101001011110011100010110100111001
111100010001001011011010011011001011111111011
010111001110011100110001111110110111001110100
100110001001000111111111011111000111110110100
101011100011100010101111010011111110001110101
110010111100111100010110101101010011110001111
110101010111010101100010110111001101101101011
111000110110101000100011011100110111111111001
101001110010001100111111110110110011011011100
101011111010101010111111011100010110100011001
110011100001111011010110100111011111100001101
110100011100100111000011111101111011111100001
011110001110111110110101001011101000100111101
101101010111010111010101101010010110101011110
111111101000011111110001110100101000100111101
101011101000111111100011110011110101100100011
001011001101011100101111110001011110011110101
011111010001101011101011101010110101101010110
101101010111011101110101011010011110101010010
001000111101110100111110100101110011110010111
100111010101101101011101011111100100011101010
100001110000111111110001110111110010011110101
100111101101111001101011100011111101100100001
011101001010101111101001110110111110110001100
110110111011011110110110001011101000101011001
111111000100111000011100100011101111101100111
011101100100100110111011111100011010111100101
101011100110111010110011011100101111101100001
100101101100111011011010111010001111011011010
101110011101100110011111111100100100010101011
110101110011111000101011010111010110101011001
101111010011110100001111110100101001101011011
110110010001110001001111101111110000010111111
110011011011100010011111110110101000001111101
111110010111100101010011010010011110100111011
111111000111010011011000011001001111110010111
100011011000100111111100101110011011011100111
010110011010111101110011001110111010001111100
000101111111101101010011010110011110001111100
101111001011101110001111110110101000100011101
101111001111110010101110110001100011011110100
111101001101010001101000110111011000111110111
101011111011010100110101001011101010101011011
001111111110010100011010110101111010111010010
011011011001111101010001010101011110001111110
011011001001101111111001011100001111101100101
001110101111010110001111111000100000101111111
100000111100001111111000111011111101000101111
110011011011001111111000111100101011000010111
101110111011110011011111100001000011110110100
111000011110000101001111000110111011101111110
011100110011110010011111101001010011111011100
011111011101001110100110011101111101001001100
110111011111001101001110000110110011101011100
111001100110111011101100011100110111011100001
100111110010111011110011011001101100010101110
101001111101101000110010101111101001000111111
011101011011101000101011110111101000110011011
110001011100110101000111110101111011101010110
011000011001111011000111100011111011110101011
110111110001001101011011011001001101111011100
001011111111000110111011101100000111111100001
110110011110011100110011001110110010011101101
011001100111100111001100111101100110011101011
101010111010101110111101010111010100101010011
101001010010110101110101101010101111101011110
010111101011001110011011110110001011110011001
110101110011101010001110110101101010101111010
100010111100101111111010111100111000011100011
111110001101010000101000110111101000111111111
110110010101101010110000001111101110001111111
111011000110110000111011110111001111000001111
111110110111000100110110001111100101101101010
010100011110111010110111011100001111100101101
001101011101101110110101011111101010100011001
100111110010010111110101001101101110111010010
111010011101100100011111101101111000010101011
010100111011110110100111111010101011000010111
101011110011110101100101100101001011110011011
001111110100011110101111111000110001010100111
110110011110110011010001011101011100001111101
110100101100011110100101111010100111110110011
111101100111100110101101010011011001011101001
101101011011011111010101101010010101111010010
011011111101100000110010101111110000100111111
001010111111110100111110010101111100101010010
101111100100111010010111101010011101101000111
100111110110101011010001100101011101011111100
111100010111000111100010101101000101111111011
100111001000111011110110110110101100111011100
111111001110100001010010110100011110001111111
110011111011001100011011100100001001011111111
001111010101101110100101111011111011010010010
111000110010001101111011111000110011001101111
100101110011011101011011011001101101001101101
100111100101110001110011001111110000100111111
101100001100101110011110101011010011111110101
010101010011101110101010111101110100101110011
101001111011111000110111111010110001010000111
011101110111110110101001010110011010111001100
001111001101011110110110111101101000100011101
010111110110010010111001001111111100110101100
001110011111011010011111110001100110011110100
101101111101101111111000111000110001001000111
101101101011001000011111100111101001011111001
111101100100100110010011101101011010011111101
111110000011010000110111101001010010111111111
010111111011101011001010101110101010101011010
110000011111001101001011111100111001111101001
011110101111110100001011110100101001101011011
101001111010000111111100011001111101101100101
100110110101101101001011101001101110110101101
111000101111001011100110000111110101011011011
011101100000110111101100111110011101011110001
001011011101111000111100111011101000110111001
010100011110111000011101111111001111100100101
110101100111001101110101011011011001011011001
001111100100100110011111111101011100001110101
100110011101010011101100011111110000111100111
101101111010010100110111011011101010101010011
000111110110111011100111100011000111111100001
110001110100111000001101111011101111011010011
011101011011111100100111011110000111100100011
101011110010111100101011110100101010100111011
110110111110110001011001011010001111001001111
110110101101101100101010011111001101101011010
101010110100101110101011111110010011110001110
111011110000100101111101111101011010010101010
001100111110111001011001111000101111100010111
111111010110001010111110010101110101010010011
011110100100110110001111110101101101011011001
110011100101011000001000110111101110111110111
010111111110011011001110001100101110011100101
101111000010110000110111011110101111010010111
011111100100101111011100101010010110101010111
011101011111101101100100011011001001111011001
110010111100101100100110111101011111101001100
101111000100111111000111101110110001001010111
101000011101111001111111000011111011100110001
001111010100111110010111111010010110101110010
011010111101110101000111101101111001010010011
110111110100111100000110111001110111011001100
010000111011110101010101111010110111011010110
101010111010100111101100110111111000011100011
101000011011010110111100100111111011110100101
111101110011100011001110110001110110001110110
011110001011011100111111110001111000001110101
110100111010110001100111011010001111001110111
110101110110001111000110010101110111011011100
110110011000011111110011111100111001101100001
110111011100100110110011101101111100011100001
011010110001111011100011010110011111100111001
011100101000111111110101100101011011110110100
001111100101100110100111111100010111110100011
001101111110111011111100001100100110011110001
101011110011011010110011101101101010011110001
001000101101110110111110100101110111010111010
011001011011111111000011000111111001101110001
001111100101110110010011111101011001011101001
010011101111101101100101100110100101011111010
110111100101011001111000010011111000111100111
111110011110100011011010010101011110001110110
101110010011110101101101110010100000011111111
111101100101000010100011111110000001111111111
111100001111010011101101101001000011111110101
011101100111100111010011101100011000011101111
110111010111010000101100010111011101111000111
101111010011110100000111111110110101000001111
101011011011110110111100001011101110100011001
110100111010011110111000111111110001100000111
101111000000010111111111110100101000100111111
111111001010001100111001100111110111001001110
111110101011001010011111100100001001111011101
101001101010011011110011000111111101010100111
110011110011111001100111100011001011110110001
111101000110010101101100001001101111111100111
111101111101100100110010001101100101111101010
100111010110011011001111111101100100011101010
100110111110011011011100011010101110010101011
100010101010101011101110111011011110101110100
110010111110101010010101111010111100100011011
100111100111001011000011000011111111110111001
111001010000111111100110101110101011101011010
001111110111000111000111000111110101100110011
001110011101111001111101010011111000001110101
100111011100100111011100101101011110011100011
110111101001110101110101001111100100010111010
101101001010111010110110101011100100111101110
101100111001110001011111100111110111000000111
111100101101001010110101011010001111110110110
110111110011001110011001100111001101001011101
000101101110101111010111010111011101011100001
100110101111010001101011001010101010111110111
101010011110101101101101010100011110010111011
110010100100011110010110111011110111010011011
001111011110001000100110011101110111011011011
100001101010011111111011110011100111011100001
010001111111110000111111111000101001000011111
111000010010010101110111001010111011101101111
001101101100110111011011101110001011011010011
101110110110110010011011101101011110110001100
011011011011101101001001001011111110111001100
011000011001111101100101110101111101110110010
010010111011110111101100101110011001011101001
101111000010110100110111111001101011000110111
011111011011101011001110110011100110001110100
110001110111011101111001110001110010001111100
111100001100000111101001111100111001110111101
110000111100001101101110111001111011001101101
110000110110001100001111111111111011001001101
000111101110000111010010010011111111110101011
000011111111010101100001100100000111111111111
101101101011000010011110101101100011110111101
111100100010111111100100101100101101011011011
000101111110110111010110110110111010010101010
001011101101100111110010111100110100010111011
010010111111110001001111101001110001110100111
101101010010010111110101101010101100111111010
101001110010011100111101110010100011011111110
010000111111110001010110111000110111000111111
110010110100101100110111101011011111100011001
101011111011101111101100001100100110111100001
000111011110001101000111101110111011011011100
110110001101111010110001001111110110011110100
110011110110100100101100110111011010011101011
001011101101110101111010011101100111010110010
110110110001110111101111001101100100010111010
110100111110110011111100011000001111100010111
001001110101111110111101101010101011101010010
111111000000011111110100110010101110000111111
110101001001011011110011110110100010110111101
001010111111010011101100100101010001111110111
101110111110100110101110110011011000011100101
110111000101011101111100010111110000111000111
011001111001110111101100001100101111011101001
001101101100100110110010111101011100111101011
011101010001101011001010101111101110111010011
111000111100111111000100100110110111011011001
010111111111010101100000100001000011111111111
011000110101111011010100100110110111001111101
100010101001101011101010111011110110101010111
100011110100110111101101100111001111010000111
100111001110110011101110110110111101001001100
111111000101001111111000011000101111011000111
000001111111110011111000111000110000110111111
111101000111010001100111100101010001111011111
001111011101101011001110001110100111011110001
111001110111011011100000100000100011111111111
101001011101010010111101011110101010111110100
111110100001010111110100111110101000110111001
011010100011010111110110010100111111100011101
100101000101110001011111011111011010111000111
111001110010111100111101001010101111101010010
111010001100110111010111100110011101001111100
110011111100010111001101111110101100110001100
101001011001110111110101110101101000100111101
110101001100011010111001111110101111110001100
011110001010111101110011100011110011101110100
100011101000111011101010101010110111101001111
101101101110011011110010110000100100110111111
100111100000101111111011101011010000111010111
000110110110110011011001011111111100110001101
110110110100101100101110111001110010011111100
110100001101100110101000011111000111111110111
111110001111010011100000110010000011111111111
101101001111011010010111101101010110110011100
011110110100110011100110101111001111001001110
111101001101001010101001011110101111110011100
011101011100101010111001111111010100101010110
100110011100110111001101101101111100011110100
001110110100010110011111110100101011101011011
101111000111110000101111111000100111000101111
010111001011011101110001011110100010011110111
110010111011000110111110101011111001100100011
001101101110101111011110101010010010111010110
011110100100110110010110101111011110100011101
101110001011101011101110110001011000011111101
011110110111010011100101100101001111110011100
010110111110010101011010101011101010111011010
101110000100011110011111111000110100010111111
101100100101011000111011011111001101011011011
111000111101110011111100000111110001001001111
100011111001011111111100111001100010001110101
110010011011111010010011101101011011010111010
010101101111110100110101111010110100110011010
001101110101111110010101101111010101101010010
001101100101110110010111101101011100111011001
001111110110110010001001110111111100110011100
011100101010111101110111011110001011010110010
010011101011000100111111100011001101101101111
111110101101000110001111111100111001100110001
110011011000111111111001101110001101001011100
110110010001011111110000111111100010000111111
101011111011100011101111010001011100001110101
011111000011001111111010101011010011110000111
010010111011110110010111101110011001011110001
111111100001010111110100010110010010111011101
100110011001100111101110101110110010011110101
101111100111100101010011010111011000011101011
100001101000111011111010111110100110011101011
010010011011111100010111111101011000111101001
001110011110111100001110111011100110011100011
111101010111110001101110101000110000111001111
011000111001111101111101000111111011100100001
101110100110110101001011011010111010100111011
111100110111000001101001100101000101111111111
110100100101000001110100111111000011111111111
110010011011100100101111111100011000111101011
101111110010111100110011011100001111011100001
100110011111011011101110101101011000011101001
110000101100001111101111111010111111010010010
101001001010010011111110011001101111111000111
000111101110010101111010001010101110111110110
111110111111101000111110001011101000100011001
100010111111011001101101101100110000111100111
010001011011101011011011111101101100110011100
111011100011011111110100010100110110100011011
100111100100111011000111110011110101011100011
110011111011110100010101111010110110101010010
111110010101001010100001111110000101111111110
011100001101111100011110110011001111110110100
111110000111101011110000111000110100100111111
000111101110111101010111010111010011110001100
101011001010110011100110001011101101101111110
110010111111011111101000111000011000111000111
011101011100111111101001100001000111110110101
001110010110011110111101110010100110100111011
111100100011101001011111111100001001011011011
011001110101101110010111101011110010111001100
000111110110010111001011101101101101111001100
100111101001111011011010011011101011010011010
111000101101011011000111111110110101010010011
011010101011110101110101101111110100101010010
001111011111001101010110111001110011011001100
100111110111101011100011100001000111111110100
110110010111110011000110001111110011001101110
110001011100110100011110110101101011111110010
111010100111101001010101010110110111101011001
111010110111100100110010011111011011010101010
111101111011010110111100101011101000100011001
110000111111100110110011111110111001100100001
000011011111001011100100110111001101011011111
110010110100011101001111111011110010011101100
111001010011101011011010011011101010101011110
111110011110100111000011001011111001111100001
100110011001000111111100111100001111111101001
100110110010101101111001101001011010110111110
111110001100100111110001101101011100111110100
011100011010111001100011101110111111101100001
110001101101111010001111110110101101010001110
111100010000111111100110100110001101101101111
111101101010110110100101011111001001011011001
000011101111100101100011110010011101111111010
011010110101110011001111010110110110111001100
101100111101011001011011110011011001011101001
101100000111000000011111100110111001111111111
110001110100010010001001111111101110111101110
011111000001011111111000011100010111110100111
000110110110010111001111011001111101110011100
010011101011100101001101101110100101011101111
001111110111100011111001011001011100101110100
010101011111101010101011110101101000101011011
101101110110110011011001001001101100111101101
010110101010110111110110111010101000100111011
111000101110011111001111000101110111011010010
011001101011111101001111001011101100110101010
000101111111101011111100010110010110110011001
101111010011101110001111110100110000000111111
010101110011101010001011110101111010101111001
100111011010111101100101100111010111110010010
100001111111111001111000110100100010001111111
101010111000111011111010101011010101101010011
111010101101000110110001011110010111110110110
100011101111100101100011100111101101101101010
110010111110011100001100111011110110011100101
110110001111110010110101101111110010001110100
100011101001010011110110110110001111111001101
100101111110100011111001110011011100001110101
001010111111110001111100011110010010110001111
000111110110110011001101101101101110111001100
001101101110111100011110101001010010111010111
100101010001000101111111111111000101101101110
011011001001111111101001101001011100111011100
110001111001111011100010111011100101101101010
000011110111001011101001111111000011110110110
111100001111000011010101101001111101110110101
101110001011100010111110001111100010011111101
100001111100011111110000110101100101010111111
111101101011010000110111101100011010111000111
111001001001101101101101001011101110110101110
001011001101111100101111011111101101001001100
011101101011100101101101110010010110110111010
010010111011111010011111111101110001000000111
101110100011101001001011101111111100101011001
110100011101100110101011111101000111100101011
011011001101101111011100011010001111010001111
010111010111001011100101010101110111011010110
111000110001111011000111111011110011001001101
111011000101110000011110101111001111001010111
011010011101011011001100010011111110111110001
010110011110011100101010011101111110101110010
011010111101011100111010010111111001001000111
001111000110111110110111111100110001000010111
001011111111001111110101100001000011110110110
000100111110111001011010011101101111011010011
101011110111101010110101001011101010101110001
110011101100101011110000111010110110000111111
101101010001111101010111010101011100101110110
011110100110010111001011101011101011100011011
001101111100101011011101101011110101100010011
000101111111100001011001111001011100001111111
100110011011110111001100001101101111011100011
011011110001010111110110110100011110100011101
010111110011110011010110101011010011111001100
100011101001101011101110101110101100111011001
111000110101111101001110110111110011001001100
011100111001111011000011101110111001101110001
110110101011010101011101001110101111101010010
111101011010011100111001011110110011101001100
011010111011111001001011001011111001100111001
010111111011011000110111101110011000011110001
010111011011111001110111100100001001111011001
111100100101011111100100110100110111011011001
111110100110010110111101110110101000100011011
100110001110011011001111101110101110011110100
101101011011110010010111111000110100100011111
101100010100110010011101100111011111101101110
010101010110111110011010110101101110101010011
001111011110011100101111110101101010101010010
100010111110100111101100111110011010011100011
000011101111000101111011101010100101111101011
100010111111001011101011111000110001110010111
101110101010101111101011010101010110111010010
001001011101101011110100111110111100100111001
011111000000001111111010111010111001100101111
010101110011101010101010110101101100111111010
110101011111010000101100110111010110111000111
010110101010110100111101101011101010110011110
110011100010111010101110110111000111111100001
011111101001111101011011010011011000011101001
010111011111001001100100001101111101011111001
101110011100111100001110110101101110001110101
111000011111001111001010001010111011101111010
111010010111011011101001010010011110110101110
101110011110011010101110110011110100011110010
001111111110100011110011010001011101101110100
101010110001100111111101001101110110010101110
100110010101100101001101011101100110111111110
110011100011000110011100110111001111101101101
010011101111111111101011100010000101101101010
010101111011110101001101011110100110011101010
101011100011101100101111010011011111100101001
101011111111000011100011100101000011110110111
111000111101011010101101011010111011110010010
100011101100111011110011100011000111111101010
001111110101010010001111110110101010111011100
101111111110111101010010010010011010010101011
101010001010100000101111010101111111100111111
010110101111010101100111101010110101101011010
100001100101011001110011111011111110011100011
011111001101001111011011011010101011001010110
011101011100111011110110100111001101101001100
111110110100101100011100101011011110100011101
101111001010110001101111100111001111100000111
011111000100111110111001100111110001000101111
011011010001101011011011111110001111101010010
000111110110100011011001110101011100011111110
010000111011111000000111111100110111011101011
100101101110011001110011011110101110011100101
011101111101111100110000001111100000010111111
101101110001010101010111110101110101101010011
010101001011111101101001110110000111110101101
100111011111011001101111001100100111011100001
001100011100111000111111100011000111111110101
101101001100010010111111110111101110110001100
101000101110011010111110100101111101110010011
011001110001110011110111100110110111101001100
101100100011101001111111100100001101111011101
110011101100110011011100111110101111000000111
011100101011111100100111111000010011110010111
011101001100101101100110111001110111111001100
010010101011010110011101101011010110101111110
101101000011110110110111101001110000111001111
111000011111111100110101001011111001100110001
101100110101110111011011100100101001011011011
101011011010110011100110110010011101011101110
111100001111000011110101110001100011110111101
100011101111000101100011100111110111101101010
011001111011101001101111101100101000111011001
111011011010110101101101010011011010110101010
110000011011010111011100111101111111100100001
110001111101100100101011111101100101100101011
011101100101101111111000101010010010111001111
010101111011111100011101110010100100110101011
110001101011000110011101110011100111110100111
011111100100111111110000110100101000100111111
011110011001111001100111100111100111000100111
011111010001111011001111101010100110101110010
110011010111010101101010100101001011111110110
010111010010101110101110010111111100011101010
011100011110111010101010011101001111101110010
011111110011111010101110110001100010001110101
110010111100101100001111111011110010110101100
101000101010001110111010111101111101011010110
001001110111111010111001001111100010101111100
100101111001011011110011010110011011110101100
101111111010111000110011011100110110011100001
100101011111101001011101110100110110101011001
101000111010001110111101011111110101100000111
111110000111100001111110111000100010001111111
001011111101000100111010011111010101101101110
011110000000011111110110110101101100010111111
011101011000111111100010100010011001111101111
111000110110010101101010100010111111101101110
011010100001110111111110100100011111011011001
001011101111011100100110011101011101011101001
101111011111001000011111101100001001111011001
100011110100111111101001110101000011110111100
011011111111100100001101110111100100110101010
101111000011110001010111101011110001111000111
101001111011100110111101001110111010001110100
010111001010011110111001101110101100101011110
111100010110010101001110101010111011111101010
110101101101110010111100010111110000111000111
101101111011000010011111101000010001111110111
011111110010010110111100100011111001110110001
111011100110001001110100000101110111011011111
011000110111110011010111000111110011101011100
110111110000101111101100101001010001111001111
011001110011100010111110110101101010011111100
110110011100101010110101101111110101010110010
111100111101001011011010111010011011010010110
011001110011110110101110010111111011001001100
101010111000101111111100101100010011111100101
001100111110110101011100001011101111100101011
100010111000101111101101101101011100011111100
101110100010110100101111110000101110001111111
010110101011111100010101111110110100101010011
110000010110010110000110111101111111101101011
100111010101100111001101001101101110011110110
111011010010100101101101010010111110011111010
101111010110101111000101000111110111010011010
101101001011010000011111101110010101111001111
101011111010011100111001110110110010111001100
010101011010111101100111110100010111100111001
010111111111011010010011101100011001011100011
011101101000110111111100110100101001010011111
001011101101001100101010011101110101101111110
110000011100101110001111111101111001111100001
101000111110001011111100111000110101110010111
110010101100101110110101101110011101011011010
111110100100111010001011111110111100100011001
101100101010000010111111100011111101110111100
011010000001111111000111011000111111000111111
010011011011101000111011111111101000100111001
011011001111001101101111011001001111001101100
111000111101111111000111010110110011001001100
010100111010111000101111011001001111001110111
001111100101001110110111111000000111100101111
011011110001110111101101100101001011011011010
001101011110111011110110001101100100110101011
111110010110100011110100010001011101001111111
111011010100110111011100100111001111000010111
010111001010011100110111011110110011001010111
111001011101100110010011111100111011100100101
111001100111010101011001101100101110111000111
010111111110000011100101001001111101110111100
000101011111101011011110011110110110100011001
111101000111010011101001100100001011111011111
110100110100101110100110111001011111001011110
001101111110110011010101010101011100011111100
111111100101100000110011101111110000000111111
010010011011111001010011101101011110011101101
101010101010111011101110011011011100101010011
011110010010011110110011011100101111010101011
111010101001110101001111010101111100100011011
110011011100110100110110101101101110110101010
011101011010111011100010101100100101111101011
110110111001001111111000011011001111000010111
111001000110010101001001010011111110111101111
101111100111000111100011011111000111110100001
111110011110010101000010010110111011101101011
011111001011011100011111101100010000111001111
101011100101111110100011011100000111111101001
110100111100011011001101111110100111010101010
101000101011001010111011010111110101011111010
011101100000110111111101110110001001011011011
100011100000111001111111110011000111110100111
100101101100111011110110110010110110010111010
010101011011101010101010010101111110101111010
111111001011101111001001011001111100110001100
101010011011110111101101101011011000111100001
111110001100011101011001110001111110001111100
010011111011001110111100110011001111100100101
011001011101111001001011110111111011100100001
111110001001111101100111100001000011111110110
011110001001111111100111100001000011110111101
100111001000110011101111110110011100011111100
111110100111101000101111010100010111100011011
101010101110000111111010000101111101110111010
110001111101011111001011110100101001100011101
111101101100001010100101111110110101110011010
010111100111000111011111011011001111100100001
101110101011101101001011100101101101110011010
010111111111000111100010111011000101101101010
110010011111000110100011111101011001111110001
100011110101101101111001111001011010111001100
110010100001101101101011101011110110110111001
111111010100100010110001101110011101001111110
111001110010110111100110000110111011011001110
010010101111010101111110101010010100101111110
101010110111001010111001010110010011110111101
011101100010100110101110010111011100111111001
101000111011100110111101000111111001110101001
010111001110111101101001110110010011111001100
010110011010111011100110101110001101111101001
000111101110011111101010101010110101101001110
011110100011011110110101011011101011100011001
110111010111110101101010010101010101101110010
100011011111010001100100100100111001111111111
011111111011100101001101001111100101010101010
111010100110111011110110011100011110100011001
110011010011001111111000110101101011010010111
010010111111011110110110111001110001000001111
111110110110110011001001100101101101110011100
110001011011011010011011110101101001110111001
110111100011110101000101000111110111010010111
110110000101000110100001011111001011111111111
001110001100111100101111110011000011110111101
111011101011010110011100110011001111100110001
111101011011100011011110110001010010110111100
111011101111010000110110001001101100111001111
101111000011010001010111111101010100111001111
100110001101100011111111011110100010100111101
010111110111010010111001000111111001110000111
110110101010111100110001011110111010101110100
101111001111001101110110011001101101011001100
101101001011100011011110100001111011110110110
111101101010110110110110111001001101011001100
101010111111110001111010101100110000111000111
101100111101111000111001000111110011001010111
001111011111001001100100001010101011111111011
101110101100100011011110101110011110001111100
011100110010111110101111111001110011001001100
111011110111111010011100110011000111100100001
011100100000110111100110110101001111111011011
111100011111010101111001100110000101101101110
101110001010110010101111010000011111010111111
110101111010011111110001110000110001000111111
011110111011110011001110001110100110001110110
011101101011110110101101110010011100011101010
011001001101111101100001000011111111110110110
110111110101011001101101110011011010011100001
010101111111101101010100010110011110100011011
111110000110111011010010010000111110100111111
001110101101111100011010101111001111000010111
100100011101011111111110011100001111100101001
011111001001001101011011011011101101011101100
111100100111001000101101011111001111011011001
111010110110101101110100110100010010110011111
011101110110111010100111111000110101001000111
010001101011101100001101111011111101010011110
110101100111011000101101010111011010111100101
010110111010111001101011111100000111110101001
111001111010000110111110000011111011111100001
100111100101100111100011011111111001110100001
100101001000111111110111110110010010110101101
101110110111110000001111110010100100011101111
110111011100101011010101101111110101010010010
111010011101111000101110010011011010111100011
011011101101111111011100001100100110111100001
110110101101101111011101001110100110001110100
001110110100110111011011110110001011011011100
011110010001011111011011011011101100010111010
110111010110011011110010001101100100011101111
010101111010100110101101010011111100010111011
011111110101001111010111011000011111000000111
011011100011110110101111011100100111001100101
011101101110110100101101110010011110011101010
011101100000111111100100111010011101011011011
101111110111111011011001010001011100001110100
111101100111010001001000011101101110111100111
110111101111000100100010011111100101101111010
010010111011011000010111111001011100011101111
110111111111101001010000010000011111000111111
011110011101111001100011101011000111111100001
010101111010101010101011011101010100111110011
111100110111110000101000010111010001111101111
101101100100101111011011101101011001011010011
111111110110001001001110100100110111011011001
111111000100011111110000111000110100010111111
101011001011100111101110011001001111001110101
011011101011001100011101101111010101101101010
011010011011111001000111110000111011000111111
111000111110001111001011100011111011110100001
001111011101111101001101011101100100011101010
101111100100110110001111110100101010110111001
100110101110011111001111001011101010101110010
111001000110110001001100111010101110111011111
010100011110111000001111111110101111100101001
101110011001000011011110111110000011110111101
100111001101110011110110000111110111110001100
100011111111100011111100110100100001000111111
111101010110100101001011100110111011101101010
100010011000100101111111111111011010010101110
100001011100010111111100110101111001100011111
100111110110110011011001101101001101011101100
100111101001001111011011011011011001011011001
110110111111110000100111111000110001011000111
111011110100101100010110111101010110110011010
100110110101110111001101011101100100110101011
110111010001011011011010011111001011010010111
011110100101011111010100010100110111100011111
111010001101001110101110011001011111001110101
010010111011111101111001101000010000111011111
110100011100100110000011111100111111110110101
111010001100100110011101101110011110111110100
111010111110110101101010001010111010111010010
111110100111001001101001100100110001111011111
001100111110110101111010101010001111101010011
010101111011101001011011110010101000010111111
110110110011101101011001111001101101001001101
110001110101111110011111110101100010001110100
110001001101010011001011110111101101110011110
001101011111101101010111101001010010110011101
111010111010001110111000010111110001100011111
010110010010111111100110001111110101101101010
100101101001011011110110011111100010011111100
011110101010111111111000110001110000000111111
110111000110000111010111001111111001100100111
111101010100111111011100101000010110111000111
101000111101110011111100001110110011001011101
111010110011010001010111010111010010111001111
101001101010001111111110000101110101010111011
111011000100010111101011110100101110100011111
100001011000011111110100111110111101100011011
011110111111111101001010001010101110101010010
111100100010110110111100111011101001011011001
110110001111000010110001011110011011111111100
010111111111100001110000110010100011010111111
101010011110110010111110010001111100010111110
000111111111010111001011001001101110110001101
100110111110010101001011111000111011101000111
111100011101101001110000001111110001100111111
101011101000011011110011110011110110011101100
101011100000011111111111110001100110001110101
000111011111011101001110101110110010101110100
101100011001011011011110011010001011110110111
011010111111011001000110000101111111011011001
011101101110111101010110000110110011111001100
010111111110000111101011001011111001100100011
110111110100011100001110111101110110011100001
101001010010101100111101001010111011101111110
100101101000010011110110110111111110111001100
101011100101011110100011011100110111100111001
101111110011010010011111101000010110111000111
110010010100101101010101101101011111010111110
010111011011011100010111101101011010111010010
100011111011100011101110100001010101111110110
110000111100110100001010111111111011101110010
110011001010001110111001110110111101110101100
010110001011011111110011011110010011110110100
010011111011100010011110110001110110110111100
100011011010111011110110110101101110100011001
101111100110100111100011011101111101100100001
001011110101110110101011111100110011100001101
100110111000100111111100111110111000011101001
011101111011110010100111011001101101001011100
011011111011110101000101100101110111110010010
011111001100011111111010110001100000100111111
110110111101010100101010111101010101101011010
000110011110111001101110101110100111101100101
000010111111011011111000111011110001010001111
101101010001010101011101110111010101111010110
111001110100111110011110110011100010001111100
100101011110101101011100011110010110110011011
010011011011011110111000100111001011011010111
011101010010101011111010110010110101101111010
011110101001011101010101010101111100111010011
001111001101101111001110011100100111001101101
100001101001111111110010111011110110010101010
101110001001111101001111001101101110011110100
111101001001000111011110111101000011110110101
111100111110001111000101100101110101011010011
111010100001111101010011010001011110110111101
111011110110011011110010111010100110010101010
101001111101110011110110101110100010001111100
011011101011010111011100011100001111100011011
111011110011010101010101101010111110101010010
101110010011101110011111100011000111101101010
011101010010111010110110011101101100101011110
010001111111101001100011110101100011100111101
101110001011100110011110110011011110001111100
011100111001110101010101111101110101100010011
100111011011110011001110000110110011101001111
110100001110010110100101011111101001110111101
001101110111101110011001100111011101001101100
001110110111011011011001001001101110110101101
100101011100001111111101111100110011100001101
101111011001110111001110001111101010101010010
101011101111011110101010110101010100101010110
111100101110110001011100011100011111010010111
011010101001110111010100001111110111011011001
101011111101001100100110111001001101011101110
011100110111110010110101001111101011001011100
010100101010110100111101011011111111010010011
110101010010101110101110110101010101101010111
110111011110101100001101110110110110010101010
101100110101111100111011101101001101011001100
101000111101110101111000100111110011001100111
111000100110101000001100110111110111011011111
111010011001111011011110010011011010011100011
000011110111100011100011110101100111100111101
100001111111010111111000110100111000100011111
101110100111101100011011110100101100010111011
011111001010111101111001110010100010000111111
100110101110110101011110001010101011101110011
001001110111110011110001110001100011101110111
110111000110111110111001000111110001110000111
011101001010101111101101011110110010110001101
110011011110010010011010100101101111111010110
100100111001101111011001011101101101000011111
011111110111001011000101000101111101010011110
101011101110101011111011010100011110100011001
100111011001100011011111011111100110001110100
111111000100101111101011101000110000111100111
100001110001011111110011110101100011111110100
011100100010110111100100001111101101111011101
011011100001110111011110111100000111101100101
111001111011100110001101110111110100010101010
010011111011111110101001110110010010110011100
001101111101110101010100101101010110110011011
111100010100111011101010101010001101111101011
100111010101111101000101010101110101110110110
111100110111001001011011100111101001011011001
011100011110111001000011000011111111101100111
110011011101100101111010101101101100010101110
010101001011111100101111010110010011110011101
010100111111110000000111111010110001100111111
101000101101011110111010110101110101011010011
110111001001011001010111011111110010011100101
111110101111000011110100100100000001111111111
101011110010111100101111011100010111101100001
100101101001101111011011011011111001110100001
001110100100011111111011110011101000100111101
010111101110100111000111010011111101110100001
111011111111000101100111100010000111101101010
001111011110101001110100111100110111100011001
110011110111001101000110111001110011001101110
011001011011101001011011000111111001100111101
111101001011110011010110101001111010110001101
100011011101100001110100101111101000101111111
010101011110101100101010111101010111101101010
001101110101100110110011101101100110011111001
001100111101110000111100110111110101100100111
101101011111010011011101011001101100110001110
111101110111111000100100011011001011011011001
110000111100001110001111111111111011000000111
001101011100101110010111101111110100110001110
110011010111001010011111100101001011110110011
110111100111011011001101000011111101110100001
101110100111010101101111100100001001111011011
001111111101101010101100111011001001011011001
100011011001111111100101110101011011010010011
100111101000111111101110101110000101101101010
101110100101111001011011001011111000110011011
011110101011010110010101101010111101101011010
110111010111110111010101010111010100101010010
110110011111100100110010101101000111110111010
011110100110011111000101000101110111110011011
101101001111101111011110101001010010111001100
011110010110011011011101110000101100010111111
101011100110110010100111111001001111110100101
101101101011111010111011100101001011011010010
110011111011010011010110111001011010110011100
110110101111101011100001011011001011110110100
111110010110111010110010011101100100010101111
001111001101111100111110101001010010111101100
001111001110111100110110011001001111101101100
111000111101110111111010000111110001000100111
111001010001111001001011101011101010101011111
101001001111101110111110001001111110110001100
001111110101000111101101011100101111110100001
010011111011010110010111101001010111110011100
111001011110011011010001010001111100111110110
011101111111100101010010110010011011010111010
010011111111100110011110111001100011001110100
111111000110011001100111011000101111011000111
001101110101101110110011001110111010011101100
111001100011011001011111001101100110111100101
100001110010011111111011110101101010101011001
010101011111111000100011011100001111101110101
111000001110001011011001010011111111110110101
010111110011100010011110110001101010111111100
101111101110010111000011010011111101100100101
111101001001101011011110001110110010111010110
101100010011010100011101100111110111101101011
101110111011100011001110011110101010001110110
101001110010011111110101010101110110001111100
111001001111100111001001000001111101110111110
111101011111001101100110001110110011101001100
111100110010001110111101100110111001011011001
110101101011010010011110110011010110111101100
010101110111101110101100010111011000111001101
011000111011111000000011111100111101101111001
111010111010011110111101001011111000100011001
101111010010110110100111011110001111000001111
111110000010011111110000110110100001101111111
010100101010110101100111111010001111110110110
000110110110011111001001101001101110110101111
100011011011001111111100110100101001110011101
010101111110101011110100110011010110100111001
010011101111010100001101111011110101111010010
001101111100110110011001110110101111001101100
010011101111100100101110110011010100101111110
011111100110011111011100001101100110110101001
100110111001100111011101101110010110111100001
000001111111111011110001110101100011001111100
110000111011111010001111111000110001010011111
011000101101110101111100101101110101110010011
100111011010101101101101101100110011011001101
101110100000111011101011100111101101100111001
101011101101010110110010011101110100100111011
010110011011011100110001101110100010101111111
010111011111001101011111110110001101001001100
011111100101011110011011110100011000011111001
101011011101001100100110011101011101011111010
111001101011010100011101111010100100111101011
101000101101100100111011001101110101110111110
111001000111110011011010001010101110111100111
001010111101110110101011011110110011101001100
101001011010010110111111001111101000100011111
011110110101010110100011011111100111100101001
111101110110011110110101001110100010001110101
001111111101011001100100110011011001011111001
111101001101111110101001010111110010110001100
011001111111100011001110001110100111001110101
111011010001001011111110011010101011111010010
101110101011010010111110101101000011111110100
101110000011100001111111011001101101000111111
110011011111001100001111111100101001011011001
100011111110001011101001100001110111110110110
101111011110011000111110110011100110011100001
111101010111000001100101100010100011111111111
011000011001111101000011110111111101110101001
111110010110100101000110000010111111111101110
101101110001110101010111000111110101001101110
001011111101111001101010011011101000101011011
111110000011001011111110100100001001011111111
010111111111101000001011111100101000100111011
100111111111100111100010100010000101101101111
111111100001100111111100101110111000011100001
011000101011110111000111110111110101011010010
101110011001101011011110001010101010101111110
100101111010111001110011010101010110101110011
101011110101000110111011011110001011110110010
000111101111011111000110010110110011011011100
101111100111100110001111111001110001000100111
010111101011110100010101101111011100101010011
101110100011111001101111100101001001011111001
101010101010011010111110000011111111110110010
111110110101101011100011101010000101101111010
001101011110111000010100101011011111101111001
011011100111001110011100100111001111011101001
101110010011100010101111110011110100000111111
100110111011110001101111011100010111100000111
011111110011110111000111111100110001000000111
101010101010111110101010111101011100101010011
101001101010011111110010100010110101111101011
111011001011011100011011110110101101011001100
101100111100111001111010110011001111100100011
011101001010111101100011110001100011111110101
101101011110101100010110101011010111100011101
111110110011010010111110101101101100110001100
111010011000101111101001111100011010110101101
011101111011110111001100001100100110011101101
011111001001011101010011110001011101011111100
111000100111100011000100000110110111111111111
100101101001011011010111110011011101011100011
100101101110100101110110010011111110011101010
110101011000010111110100111100111001101111001
101111110101011101010101010101011100001111100
001011111101111000101100110011011100111100101
110110011101101000111001001111111000100111101
110100111101101011100101111011011011010010010
111010110110010100110110001011111110101011010
101101010110101100110101011010111110101011010
011001010001111011111010001110111011101010011
111001011100110001011000101111101111100010111
011110010101111111100110111010000101101101010
101000111011101110111101000111110011001101100
010101101110100101101101011010011010110111110
000110111110110101111100101010011110101010011
010100011110111110100010011111010111101101010
111111000111011011111010000111110001010000111
001111100101000110100011111100010011111111101
101101111101100100011011101101101010010111010
101001100001011101110011110111110110011101001
001111110111110111101001001101101100110001100
110111110101011100101011010101010100101010111
001111111100111101100101100101001011110011100
111011010100010101101011110101111010111010010
010111111010001110111001111110110001000100111
101101000111011110010111101000111100111000111
101110001100011100101110111111100010101110101
110010101111110110010101111010110100101010110
011100110111110111100000101001000001111111111
110101011001010111011100010111110111100011001
011001110101100111111111001100100110111100001
111010100110101000110101011011011111100011101
101101010111110000010111111100010000111011111
110110001111010110110001001110101110101111100
111101011110101011101010101010010100101111010
110100110101011101110100111001001001011111101
110011100011011111010100110011010110101111001
