1001100101101101101100110111011011110100101001011111001
0101000111111111100111110000111011010111110001000100111
1111001000011101010001111111001000111000111110111010111
0011111000101010111001111111111000110110110001010001111
1111010001111001110110100010110011001100111110011110101
1100110101101110101001101011001110011110101110101011010
0001111011111000100111101011100100001101110111111011001
1001110101111111011110110101001010001110101010101010110
0111011000100110111001011011011010011010011110110101111
1011110000001110001110011111011111001111100000001111111
1001111000110111000100011111000111110111110111010000111
0110110111111011101001001101011101011001001101001011101
1101111000111010111100001110010111111101110001000010111
0110011100101110011111010010101100110011100110111101101
0010001111111111001111101001110010110100100000110111111
1110110011111010111101000101100010011101010101101111010
0011101101101110011010110111111110010010011010010101110
1010100101100011010010110101100111111111101011011010110
0011111001100111110001101111001011011101101100110011100
1111111000001101001100111110010111101110010001111000111
1111010011100110011111011011101100101100011100111100001
0101010111010111001011001111111111000111111001000000111
1101110110001101101110100101111011010010011010011101110
1111000011011010011011011100011101100011111101101101010
0110011110101100011111000111111110100011000111110100011
1111000100110110100101101000010100101111110111111011101
0100011101111101010001111001100011101111000111101110011
0011110001100011111100111101110101111001100110001110101
1011010100110101011001110111101100110100010110111011101
1000111110000111101111100111001111010011111001100101001
