101110010111111001001001111111100011110011101111010101101111001110
111110001011110001111011111011011101100001101111011110101010011110
001010111111111111100111101011010111000110111011110010110111100001
010110111101110101101111011001011010010011111110011001111110101110
111101101001010010111010110110011011110010111101011111001110111101
110110110111100011111011011011011111001100011100011111001101101011
101101010110111001111111110110001111001010011010111111010100111011
011110000100101111111111101000110011101000000111010111111111111111
110100111111111101110010011101111111101100011100011010111101100001
011101110010111010111110111000111110010111001101111110000111100111
111111110001101010111110111000010111111101101010111110011010000111
110001111000111111011100111101110010111100111100111101101110001101
110100111111011111110011011100011100110001101110011100111010110111
110101001011100101101111011110111111111011010011010101011010110011
101101110010110111001001011111111110000110110101111101101000111111
000101111111101100111111100101111010011111001011110000011110111110
101011000110011111011110011100111001101011100101111010111111111001
110111111001110001101001100111101110110011001111110111101010010111
100001111110111001111111110110111011011000110100110111011011011001
001101101111011011001111011101111001111100110111100001111001101101
100111010011011111010100011110011111111100101110001010011111110111
111100100011111110001111010111101100010011111111111011100001110110
110110111111000011111001111101111000101100110101110000111101101111
111011010011101101000101101100101011101110111110011101010111110111
110010011010111101111010110101111110111110010011110100111010111010
110110111101110111011101101011001110111110101011100110110100011001
110001011111010110111101111010111111101010101111000110111000010111
110110110101101011110001011001101001111100111011110111111100100111
111110110100011110010111101101001111111111011110010011011010101010
010111110101111001101111000111000111111100111110011110101010110110
000011111101111111001110110101100100111011011101110111100101111100
011100011111011111000111001111100111111000111111010110101000011111
001101111111111010100001101101100101110011110101101011110011111011
110111011101001001111001001111111110110110011101101110011011101100
111011100101001111001101110010110101100011111101111110010111101110
101111001100100111011111111111110011101000110100110110111101011010
111000110110001111101110010010110100101110111111101011111010111011
100111001111101001111101111001011110100111111000111110011000011111
010001110110111011110101110101110111111011110111101010010110011100
011100011001001111111011110011100011101101101111011101110111101001
111111011100101100111011011101111010100111101011010001111101001110
101110100010011111101101111111110100111101110110100011100001111101
111101110010110011110111110001100011110110001111111100010110111101
111000011011110101100000101100111100111111111111011101110011110101
011010111110011101101110110011101101111111101101100111000011101001
101110101100011011100100101011111100111011111110111110110100111001
011011011011111110010111111000111001110011110100101001011010111111
101110011010111001101100110011011011011011110011111101110011111010
111101110101111001110110111001001110111010110010111110011101001110
111110000101111000110111110110010100100101111111110111011101101110
111111001111101001110101001111010011100111011101110110111011010010
111110010111111001010001110110111110011101001001001101110111011111
110011110111100101010100101111101111101010101111101110100111011010
111111101101001110110110101011110110011011001011101111100110001110
101011111000001111100111110011110110110011011111111011010011100011
101101110110110010111001111111111011010001011111100111000111110001
110110001110011001111111111011011111100001101111010110111010010110
011111010110010110111101011110010111110111011001101101110111100001
101111100101100011101011001101111101111111011111110100100110101010
101101111110110010101111101110100111010110110101111011101001011100
011111011011011110110011100110000111111110010100010011011111111011
011100110110111111101110011010110110101101111100111101011011010010
001111011111001110110011111110100111110011001110110111101010001110
110101110101010111111010011110011101110011010101111111010101010011
011111101101010101111111100011111101000101011011100000111110111011
011010111101110100111101100111011101110111011011100001111001101101
111111110111101100111101100001111000010011110100111110011110110110
001110111111111101110101110011001000111111110011100000111101101101
011110001001001111011110111100100111000011100111011111111111111001
011010111010110111110111001101110010111100111001011101111110101001
110111100110101101101010011011011111100011111111100111010010101011
111111011101101001100110110001001011111110011011110101110011110101
101111110010011101001101010111000111111101001111110110110111110100
111000111100101011111111110000000111111110001101011110010110111111
110011011101011110110001010111111110110111011101101010010111001101
111110011101111110101010110011111011001001111001110101110011110001
110111010101011100010110000111100111111111010111101110101101101110
100110111010011001111101110010011101100101111010111110101111111010
100111110110111001101101110110011101111101001101101110101110001110
010111111000101011111111100011111000110111101001111101101100101011
100011111100101110001110111111101110110001111110110101101001111100
111010010100110110011001101110110110011110111001101101110111110111
110110101000110100111011011110011011111011110011100110111100111101
101101101110011101000111011111000101111101010111011011100111100111
010011110111110001100111101101100011001011110111111110110111101001
111111100101101110010100110010101101101011111101101100111011101110
111010001111100111110100000111101101101111001111111110011001011101
011110000101100111111111011101111000111100010010110111111101111010
111000101101100010111100010111000111111101011111011010011111011111
111111001111011110111010111100010011110111100000011111001110101011
000110111101110100011110101101011001110111111111110011011110110001
100100111110000011111111101110111100111111100101110011010011100111
110001101111111011000111110100110110001001101011110101111011011111
001010101011011111010111111011111101111101010110100110100101011011
100001111110000110111111111110110110011101010001101111101111001110
100110101111101100111111101100111011001111000110110010001111101111
111110111100111011010100110111110110101101101101101011010110101010
001011110111110101101011010111101011110001111111011111001010010011
111110101111000111110000010111111010011101001101101110101111100111
101011110111111011110011111101110011100001110110001110110001110110
101111111011011001111010011110011100011001111111001100110001110111
010110010110100111111111001011011111101011011001101101111110101010
111111001001010011010000110111111011011011010111101101111011011011
011111011101101110101000111101110110101101110011011001111101011010
111001010011100101101100101001101011111111111011111101011110110100
011100111111011111110101001010110010111110101101101101010111010110
010101111100101011011110100111110000110100111111101111011101111010
110110110111110110011101101100001011011010111011110011010111101011
000101111111111000100111100011110001011010101101010110111111111111
001011111101111000011111101011110010011100011011101111101110101110
101100111111110010111101110111010101000101011111101110110100111001
011111011000100011011111100110000111001110111111111001111111011001
011010110110110101101101011111011110100101101110110111010110001111
111111000111011111011011110010100111010101011110110000111110111010
101010100111111011011110101110010100111101111110001111110001111100
011101111110101110001010011110111100110011111111001111011001110100
010111111001110110011011110100001011111110110011110011010110111011
101110011110010101111111110110111101001011101110010100110000111111
111010111101100111000100111010010111001100111111111001111001110111
101101001111100110111101111101101001111001111111001110011010000111
011111011110111111101100111010011110001000111010111110001010110111
110111110011001110111111000110110011101111001110100110111001011101
110111001100111100111101111011101110011010111001110111011001101100
111101011011001101001001101001110111101011111011011011111110011100
111011111000110110100011001011011111011011011101111111110100011001
101110001110111000110111111101011101100111101111010110111001001110
111001110110000111111111110110110101101010110011110110010110101101
100001001110101100111111011100111110101111111111100001111010001111
001011101011111011011110011010100100100011011111101111011101111011
101111010101100001111110011101111000111111010110110110101101101110
101011101110011100111110111101110110011001001010111111101110011100
010111111111101101101001101101110100101010111010111011010010101111
011000011111011111101111100010111000101111000111100100011111111111
110111010111010011000010111101011101111101001100111101111110100111
011111101010101111010110101111101001011100101111011110011010011110
100110101100100000111111111101111111011111000111000111011110001111
010110111100111111111111011010011001110111011110101101011010010010
101010011011110110011111110111101100111111110001111101100010101010
110010111011110101010111001010101110100100011111111111111101110010
101001001110101100111111111100010101011111110011110011111001010111
100110101110100111110111101111001110101110111010111110100010111010
111111010010110011110101110101010110011101111100001001111111110110
100111011110001100101111111010110111101011010010101111111110110010
110011011100111010111010111110111111111010101011001011100101110100
111001110110101111111010111001110011111000101000110110111011011101
001100011011111110111011111011011011011011110110010100110010111110
111001100110111101111110110011101100111011100101101100111111100001
111111000010110011110001101101100101101111010111011110011110111110
111001001101011110110011111110001011111011001011011111101001011101
111101000111111111011001100011110111111011100011101000111100110101
001101111001011110111011010111111111001101010010111010110111000111
100001111111111000001111111110110110011001001100001111101111111110
111011100100100110010111011111011010101111101011101001101101101111
001001011111111111010111110011000111011111110110010000101111101011
101000111110110011110011110111111010011101101101101000011111110101
001110111111101110101110101101110101100001111111010110010110011110
111011100011101110011101110001101011111011110111011010010111110100
101111010110011100011100011111110111101101010110011000111101111011
010111110100100110111011101110111101111111010001101100110011100111
111100111100101101110110111101010011101110011110011110011011110100
101110101111111101001111111001101110011111001010110010011110001101
101001111001110101010111011111101110001011111010111010100101011111
111001001011011111011011111110110101011011011011010011111010010011
101101111100110101111111111001010100011101111011011011110001110100
111111011011101101111100111101001010111010110010110010011110011110
011111101001100101011011111101000110111111100110110101011110011011
101101010101111011011011011101001010111110111110111001101101001110
011111011000101011111110111000110011010101100010111110101111101111
100110111111000111000101111001111011111000111000111111101010011111
011111101111111001001111001001111110111101101001001101100111101100
101111100011110011110010001110111110011110011111101101011001110110
011110111001001101011001011111111101100111101011110010111100011101
010111001110110011111001100101101110101111011101111011011111010010
101001011110000111111111110101110010111011011110100101001110111011
001101011111011011111001011110101100111100101011110101011011111100
111101110110110110011011101100001110111110111101100110110011110001
000101111111101010001101111010011110010101111110010011110111111110
110110110001111001011111101101101011111011011011000101110111000111
010011011110110111001111001110101110111110011011110110010001110111
010111110011100001111100111111001011101111001110011110110001111110
110110001111011011101111000111011110101000111010011111101111100011
101111011000111001000101110111111001011001010111100101111111110111
111110001101110001111111101110110101100100111111010111011001001110
010111111000101011011010110110011110110101110111101001111011011011
010100111000101101011110011100111111110011111100111010111111110001
111011001000111111111101100110100010110011011110110111001111011011
011101000101001111111111100011101101100011010111101101011101111011
111111010100111000111011111100010001111111010001011111101111000111
011011011101010111101101100110111100110111001101110100101111101110
111001110111001100111001101100100111111011111101100001011111111001
100110101111101111001111101110001111011111110100110011101001101100
110110110111101101111101001111101111100110100011011101000101111001
001011111011111110010111001011101010100011010110101111011101111011
101111110111100110111011011110001101111001101111100100111010100011
100111101100011101111100111111001111111001111011010111010010101010
110010010111100101101100111011101101011111110011110111010111011010
101100111101110011011011101111110111000001110110111101110101110001
011110010010011110111111011101110011000101101011110111110111000111
101011101011001101110111001111101110011011011110110101011011011100
011011011011111010110111110011011011011110011001101110110010101011
110101110101101011100101100111010011011111111000111111111010010011
001111100011110001111110011110101011100100011111101100011111110111
001111111001110111011011100011110111010011011111100101111100100101
