1111010111011110111101111011101111010111000111110111010111111100111110100111111111101110011
0111111011011101011111111101111011101110011111110110111010111001111011111110101110111100101
1111011000111101111001101011011101111110111011111010110011111101111101100101111111111111101
0011110011011111111111110100011111110101011011111100100110111111101111111101101101111011111
1001111101011011111101001110101101111110111101110101011111010111001011011111111101111111111
1101110111111011011110111111100110101011110001010011100111111111011000101111111111111111111
1011011100101110111111111111001110111111110010010110111111110111111110001111110101011111011
0011100111111111011111110011111111011000101011111101110110111011111111111111010100111011110
1111110111110101011111110111111011111110110011001111001111111110101111011101110111000100111
1111010111111111101011101111110011111111110001011011111111101101111111001100100110011111101
1000111111111011011001111111001111101111101011011101100101111111011011101111101110111111011
1111111011111111101111110011101010111001011110011001111111111010101001011110111110111111110
1100111100111010011111011011111101011111111011100011111111101011110101111110011111111111001
1101111111110111100111100000111101101111111111101111101011111011011011100011101111101111101
1110011100111100011111110101111101101111100001110111111011111111111110111101011111110111100
0111011111111111110111011111100111011110011101011010011111111011101100100111011111111111001
1111100111111111100111111101011011110101111101011111011000111101110111111011110111011100011
0110111110110011111111001111101011110011010011110111111001111101111101111111111101010101111
0101011111111111111000011001110111111111110001011110010110111011101111011011111111111111110
0110011111111011101111011011111101001100101111110011100011101111111101111111011111011111101
1111111110111111100011110110111011111101011110101111001110111011101111110111011110111001100
1110111111101011010111111011110111110111111010001011111111110101110101101010111110101011111
1100011011110100111011111111111101101101110111100110101111001111111111101110101111101111110
1111111101110111111110010010111110111110111111111110111110011011001010011010101111111101011
0111110111011111001101110001011101011011111010111101011101111111111111010101111110111111110
0111110111101001011111110101001111111111101001111110110011100111111101111011111011111111100
0111111111101011101011111011101111111111111001011001111001111101111001011111100110110111110
1011010111011111110111011011110011111110110111100111101111111011111010101110111011111011010
1111011111000011111111001010110111111110111111110011111011011111111110100111110101011001111
1111011111100010011110011111101111111011110111111111101000111111101011111100001111111111001
1111111101110100110111110111101110011111011111111101111011101111101011101111011100101011100
1110111101111101101111110111100011111010110111111110011110010101111101111011101010111111110
1100111001111101110111101101101110011101111111111110111111110111011110010110111111101011100
1110111111111011101101011101111101101110111011010011001111001111111100101110101111101111111
0101111100111111111011110111110101100110111111101011010101111101111101011001111111010111111
1111100111111111111111001011101111111011111000101100110110001111111001101110111011011111111
0010111011111111101111011111011111011111001110110111111110011110101110111111101010011110101
0111101101001111111111110110111110100101101001010110110111111110110111101111011110111111111
1111011111100111010100111110110110111100111111110110110111111111011001111011001111101101111
0111111101011111001110110111111001111110111011001101111110111011111001111100101111110101111
1011101101110110111011111101110101111111100110101111111010111001110011110110111111011111101
1101101111111110111111110100111110010010101011111110111011111110011111110100111010101111111
0111110111110001111110111111011110111011111010100011110111011111111111100011111011101101011
1101111111001110101011110010110111101110110111010111111111101111111001101110111011001111111
1101111101100011001101110101111100110100111111111001111111111011111101101111101001111111111
1111111010111111011110100010001111010111111111001111100111111111100011110011111101111111011
0101111111101111111001111110101110111001011110110011111111111011110111101101110011011111100
0010111111101111111111111011010111111110111101010110011110111001111101001111111111110100101
0011111100101111011111011011110111110001111100110111011111101111111111100110101001111111111
1111100111111011100111100111110011111111010011011101011101111111110011011011111101111110011
1110111100111011111110111110111111100100101111011011111111100011110110110001011111101111111
1011001101111111111101110111110110100111111001101110111110111100011111101011111110111011110
1011111011011111011101101101101111101000011011111101111111111111101101111111011101111001100
1111011111110001111111011111101101101111000111011010111111110111100110111011110011001111111
1111010010110111111110111000111101111110101100110001111111111111111110111011110111011101101
1111111010011111011111011111100111111111110110111100110010111110101111110110011101101101101
0111111111000001110101111111110111111101111111001111111101011011100101110111011111011010111
1100111111011101111001111010111011111111111100001111111110100101110110010110111111111111011
0101011111111011110111101101111110111111001111101110111011100111011110011111111110011110100
0111110001111111111111001101101111110010001011111111101011101100111111111110111111110101110
1101111010101011111001111111001111111111101111111001101110011111001011101111111101110011110
1101111001101011111111100111110011110110110010101111111101111001010010101111111111111111111
1111011011110110111111101111010111111111010101101001111111011111110001110110110110011111101
1111101110111111001011111111010101011001111110001010101101111111101011011011111111111110111
1101101110111101111111101011101011101011011111110101011111011110111010111101101101101101111
1111011111110111111111001100011111110101111111111110011101000111100111111111100011110111100
1011111111011111011011011111011011110111111101011011011011011111010111110101111011010011110
1011110110110101101101111101011110111111111011111011111111111011110101011011001111100011101
0111111101111011101110111011100111011111111111001110111111010101111111101110110100101011110
1111010001011110111000011110011111111011001010101111111111111110001111111111111111111111010
1111001101111101111111100101010111111100110111111111110110111011111001011110101111100101111
0110111101111111110010101011111101101100111111001111101111001111111110101111010111101111011
1111111101111011101010111111111010111000011111110111111111011111101011111101011010110011010
1011001110111011111101011111111111001111011001111111001111010011111111100011101101110111111
1100011111110011111110101011111111111111101111100011111010111111101001110101001111111111100
0111111001111110111111101110111111111011111110010111110110001111110010000011111111100111111
1111101011111011111101010111110111110110011010111101101010101111111010110111111110111101110
1000110111010011111101111111011111011111110111111000111101101101000111011111111101111111011
1110010110111011011110110101100111111110111111101111011110011110111111111010100111111111010
0101011111101111100110111101111111011101111110110001010010111111111011111111101110111101110
1111111101110011111111010101101111111101110011111101011010010111111110101110111001111100111
0111101101111011111110011111010111011111011110011101011100111111111110110101011111101111001
1011111101101101111011010111111101101101111101010111111110101111101110100111011011111011110
1100111011011110101011110110001101111111100111111101111111110111101111101101011111010101111
0111011111011111101011111011111010101011110101000111001111111111110111101111111001101110111
0111111100011101111011110101101011110010101101101110110111101111101111111110110111111101111
0111111010111100011111101110011011011111111111111010111101111110111110111111110011010001110
0110111010111111111111010111101111011101100011001101011101111111011111000111111111111110011
1110100111111101011111111001011011111111110110011011111101100111111000011111101110110111111
1111110001111111110100111111111001100101111011111110110110111101101101111110110111011101101
1111101110111111110011110010101111100111100011110111111011100111001111100111111111111100111
1110111010011111001011011111001111010111111011111101111101011111111111110011111100111101100
1111010111011110011111011111001111111101001100111100111011011111110011011111110111011111011
1111101010110011111011110000111110111111011110110111100111111001101111111111111111110101001
1111101110111101011111010101100101110101111111111111110110011111001111111010110110110111110
1111111101110010111011111011011111011111100011011111011111011100111111011101100101101111011
1011111111011111111111010011111001101110111011011111011101101111011000111111001111101001111
1011111111110111111001101110111010111101111011100111010111111101101101101101110111110110110
1110011101101110011111100000111011001110111111111111011111110111110111011011011111111001111
1111111011011001101011111111111110011110110111011011110101101011101101111110101110111110101
0111111011001110110100111111110111111110101010101111011110111011011101011101011111101111111
1110101110111111111111101101011110101110001111110011101111011110111111110110110101001111110
1011101111100111111110101110111110111010100111101111110110111011011111011001011111110110111
1110101111100111011101111111110011111100111111010101011011111001111111110111110100111100111
1110111111110110001110111111111101101100111111110101011101111111111001110110101010111011101
1011010111011111110111101101110111111111111000100110111111101001011011111110001011111111111
1111011001110111001101100110000111010101011111111111101111111111111011111011111111011110101
1010111000110011011010111011101111111111110110011111011001111011101111111111111011111101011
0110110111111111011110100111110111110101011110011111111001011111110011111100110111100111111
1111111100101001111111111110101110111110110011111001100110001001111101111101111111111111011
1100111101011111111011111011010111101011110101110111110110110111111011100101001111111111101
1111010011110100011111101010100111101111101111101111111111111110001111111101111110011111010
0111111111111111001101110111010111111000001111111110110111110111111001110111111001001101111
1111010111101111011011111110110110011011101111011110000111111111100111110011101101101111111
1111110101111111111111110111111000101110111111000111111111010001101101111011000101111101111
1110011011110101011110111110101101111111111000111111011011011011111110101001011011111111111
0111110101011111101011111111111110110010110110111101011110110111111011011101011101111101011
1111111111110111111111001101111101111111000111101111100010011111110111101110110101001010111
1111011111100111111111100111011101111111101011101111011011100111011110001101111110110101101
1111111111101110110110111011111111011110011011111011001111011010011111111101111100111001100
1101101011111110111110111100110011100011111110100111101111110111101111101111101111101110110
1111011011011010111111101011001111111111010011111110111111011101111001011011011100111101111
1110111100101000111101111111100111111111010101110011111101111110010101111111011111110111011
1011011011111110111110100111111110110111110100100111111111111001001111111101111011110011101
0111111011101111010111011111111111000011110010110101101010111110111110111111101111011101111
0111111101011110011111110001011111101111111011111111111110001111001011100011111101101111011
1111110000111111011111001110011111100101111101111101110110101110110111111011110001111111111
1011111011111011110111111111111101011110100011111101100000011111111100111110100111111110111
1110111101111011111111010111111001011111110111100111111011110111010101111101010101111011010
1110110111111101110101101100111111010101111111111011011110100100111111111110111010111101110
1110101111111011011100101111111111111101011011111000011101111100100111111111111101110110011
1011110101111111101110011111011100111100101101001110011100111101111111111111011111110111101
1111100011111111100101111111101111111110100110010111110111011011111101111011101101111101001
1101111101001110011110011111111111000111111110110111101100011111011011110010111111111101111
0111110111101111001101011111011111111111011111111110000101111000111101110111000101111111111
0011111001111111011110111101101111111011111011101111110101011100101111010111111001001111111
0111111101111100111111111010110101111111101110101011001111110111111110111100111111001100101
1111011111110110010111111101001111110000111011111110110110111011001111111111110111011111001
0101111111111111111110110111101111100111101001011111111100111010111001101111101110110111100
0101111101110111110111011111111010110010111011101101111111011101011111101101010100111111111
0111111100111111011011100110111011011011110011011111101101111111100011111010010111111111111
1111011111101100010101111110011011101111111110101111111110101111110011110001111101001111111
0101111111110111101110111101110111010111110101110111011111010110011111100111100111100111111
0110101100110111110011011011111011111101010101111011111111100011111111111110011101011111111
0110111011111111101111111011001011000111011111110111110011011101110011011111111111111100101
1000110111111100111101011111110101011101111101111011111111111001110111111000111110101011111
1001011110111001111111111111110011111111011100011111110100111011110110100110110111111111011
1101111111110111101011010110100111011011001001111101111111101101100101110111111111110111111
0111101111011011111100110011011111111111111000011001111011100111111101011011111111101101111
1101111011111111100111101011010111101110111101111101101010110101110111111010101111110111011
0101111110101010011111111011111111100010101111111111110011101011011011111110101100111111111
1001111011110100111011111100111111111011101111111111001100111101110101101111011110111011101
0111101111111111111001111111110100100010111011111010111110111110101100011111111010111101111
0111110111110101011110111100111011011110111110101111011110111111100111001111111001111111001
1110110111011101111011011111111011011011101111001110111111110111111101011101011100011110101
1011101111111111110110001111111110101110010011110000011011001011111111111111111111110110111
1110010111111110110110011101010111111101011111111111110111100110111010101111011111011110110
1011011101111101111111110011001111110111011101010111111011111001000111110110111101111101111
0111111110110110101111101111011001011011110111011010111011011111111111011000111111010111111
1101011011111011011001011111101101111111111111111001011111101011011111001111111010101111010
1110111011011111101000011101111110111110111001011111110110111011111100001111111111110101111
0110111111111111111011100110011000111111011110010101011110111110111111111101110111100111011
1011111001011101011011011111111111111101111111110011110101001110101101111011101111111011001
1111100101101110101110101010111110011100101111011111111010011111111111110111111000111111111
1010111011111101101110111111011111001110111001111110100101011101011111011111100111111111101
0111011110101110101101111101011010111111101001110111111110111101110111101101111111111011100
0111111111100111100011111001111111011011011111001001111111110111111101100101100111011111111
1111001111011111011111100101111111111111000111010111111111001111101100111001111001111110101
1101011111111111101110111111010101111110011110101111010110111011101111101011011110111000111
0101001110101110110011011111101101110111111011111100111110011100111111101111111111101110111
1111101111011101100011111101001111111111110100111101101110011111111100101100101111111111011
1101110111101111111001111001101101111111111111011111001100101111100111101011111111100001111
0001111111101111010110110111101111110111111110101100111111111110011111101011100111110111010
1111111101011110011110101011011111101111011111101111010001111111000111011011111011111110011
1111011011000111110111101101100111100111110111011101101101111110101110111111101110111110111
1101001111101111111011100011011100111111001111111110110110010101111111011110111110101111111
1111110011111110111111001010100111110111101011011111111111111000011111101111010110111001111
1111100101111101111111011101111111111111001101011101110011101011011011010101111101111110101
1001110111111101010111101100111010011101111111110111110010111111111101111111111000111011101
1111110111111111111111011111010111111110101001110101101110110001101010011111101111111000111
0011001111111110111011110011111111011101100111111101111111010101111001101110110111111110110
0010101011001111111101111010111111110111011110110111111011111100110111101111111110111011100
1101100111111111111001001001111111111111111010100011110011111101110011100111111111111110110
1111000110011110001110111111100111111011111111111011100111111001111100111110111110111111001
1101100111011110111111010101110011000111101111000111111111110001011111111110111111111110111
0011111011111111110111001111101011110111010111111111010111111100111001011111110111010011110
1100101111101100101111100011101111101011111111110111111110101101101011100111111111110111101
1111111010101101111110110001111111101111111011110111111010111111100101011100010111111111001
1110111101011011111111011111000011110111111011000111111111110101111000111111110010110111111
1111011101001110110110111110010110011111001101011011011111101111110111111001111101111111111
0111111100101111111111110011111010010101111111110000111111111111110001111011110111111110100
0111001111011011111011111110111100111010111101001101111110111110011101101111101101101111111
0110101111111011111100110011111111111100111110111110010011110101011111111001111111001111110
1011110011100111100100011111111111111110111011101111111110111101011100111111011111111100001
1100101000111111110011110111111011011111111000010111101110011111111010111111111111011011111
0111101111111101111111101011011111111110100111101101011101001110111100011111101111111100011
0111011111010110111101111001101111111011011111001111111111101110011010111111111010011101011
1111111011000111110101101111101111101111011010110101111101111110101101111111111111010000111
1011010011111011000111111111111110111110101101101011010111101011110111111111001111111010111
0111011001101100111111011110011110111111100110111111111111101111001101111101100111011111110
1111101111101110111111111110011111001000011110111111010111101111110111101101100110111101011
0111011111010110101110111101101111111011111110011101111010101111111110011011011100111111011
1101110111101111110111001111111111111101011111111100111100111100110011101111001111100100111
0111111011000111011111111110101001111101100001100101011111111111011111111111001111111110111
0011111011111111111100100011111101001011101111111101111110111110100111111111100111011111001
1110011110011011111011111101011111110011101011111011101011111111110111111010011110111101010
1011110011111100110110111101111101111101111110111011110110111101010011111110011011011110111
0110101111101001111110011110111011111011111111110011011001101011111111101111111111100110011
0001111101110110111011111101111110011111011011111111111101111111110001101010101001101111111
1110111110111111101010101011101111111011111110000111101111100111101111110111010111101111010
0111011101110100111111111011110011101010111101011111110110111111110111001111111111101101010
0101001110111110111101101011101111111111111011110111010100110111011111110111011011011111011
0111010110110111101111011010111111001101111011111110001110111111110110011011111110110111111
1110111010111111111111001111110111111111010101100101111011100111111110110111111100011110100
1111010011111111111110110111010011111000110111101010110111111011111101111011110011011011111
1011111101001001111110101111101111111111111111010101111010111111101001110101110001111110111
0011101110101111011011110111111011111111011001101110000111101111001111011101111110111111111
0101111101111111011111101000101111111101110100111110111110110111001111011111101101111111001
1011111110011110101111110011101111111111011111110111101110101111101011011111010111100100101
1101111111101111101101000010111111101110111111011110111110011111010111101010110011111011111
1111111010101111101111101111011100111101010011011010011101111101111111011111011110011110111
0110110111001111111010111110111111001101001111101011110011101110111111111111110011101011111
1111111000111110111001111111010110110101011111111111111010111111111100011011111001110011101
0110111111101101011100111111011111010111111101111101111011111111100111001110101111001101101
1011111111110110110110111111010011110100011111111101111101110111111011111110100110111101100
1111010111011110111101111011101111010111000111110111010111111100111110100111111111101110011
0111111011011101011111111101111011101110011111110110111010111001111011111110101110111100101
1111011000111101111001101011011101111110111011111010110011111101111101100101111111111111101
0011110011011111111111110100011111110101011011111100100110111111101111111101101101111011111
1001111101011011111101001110101101111110111101110101011111010111001011011111111101111111111
1101110111111011011110111111100110101011110001010011100111111111011000101111111111111111111
1011011100101110111111111111001110111111110010010110111111110111111110001111110101011111011
0011100111111111011111110011111111011000101011111101110110111011111111111111010100111011110
1111110111110101011111110111111011111110110011001111001111111110101111011101110111000100111
1111010111111111101011101111110011111111110001011011111111101101111111001100100110011111101
1000111111111011011001111111001111101111101011011101100101111111011011101111101110111111011
1111111011111111101111110011101010111001011110011001111111111010101001011110111110111111110
1100111100111010011111011011111101011111111011100011111111101011110101111110011111111111001
1101111111110111100111100000111101101111111111101111101011111011011011100011101111101111101
1110011100111100011111110101111101101111100001110111111011111111111110111101011111110111100
0111011111111111110111011111100111011110011101011010011111111011101100100111011111111111001
1111100111111111100111111101011011110101111101011111011000111101110111111011110111011100011
0110111110110011111111001111101011110011010011110111111001111101111101111111111101010101111
0101011111111111111000011001110111111111110001011110010110111011101111011011111111111111110
0110011111111011101111011011111101001100101111110011100011101111111101111111011111011111101
1111111110111111100011110110111011111101011110101111001110111011101111110111011110111001100
1110111111101011010111111011110111110111111010001011111111110101110101101010111110101011111
1100011011110100111011111111111101101101110111100110101111001111111111101110101111101111110
1111111101110111111110010010111110111110111111111110111110011011001010011010101111111101011
0111110111011111001101110001011101011011111010111101011101111111111111010101111110111111110
0111110111101001011111110101001111111111101001111110110011100111111101111011111011111111100
0111111111101011101011111011101111111111111001011001111001111101111001011111100110110111110
1011010111011111110111011011110011111110110111100111101111111011111010101110111011111011010
1111011111000011111111001010110111111110111111110011111011011111111110100111110101011001111
1111011111100010011110011111101111111011110111111111101000111111101011111100001111111111001
1111111101110100110111110111101110011111011111111101111011101111101011101111011100101011100
1110111101111101101111110111100011111010110111111110011110010101111101111011101010111111110
1100111001111101110111101101101110011101111111111110111111110111011110010110111111101011100
1110111111111011101101011101111101101110111011010011001111001111111100101110101111101111111
0101111100111111111011110111110101100110111111101011010101111101111101011001111111010111111
1111100111111111111111001011101111111011111000101100110110001111111001101110111011011111111
0010111011111111101111011111011111011111001110110111111110011110101110111111101010011110101
0111101101001111111111110110111110100101101001010110110111111110110111101111011110111111111
1111011111100111010100111110110110111100111111110110110111111111011001111011001111101101111
0111111101011111001110110111111001111110111011001101111110111011111001111100101111110101111
1011101101110110111011111101110101111111100110101111111010111001110011110110111111011111101
1101101111111110111111110100111110010010101011111110111011111110011111110100111010101111111
0111110111110001111110111111011110111011111010100011110111011111111111100011111011101101011
1101111111001110101011110010110111101110110111010111111111101111111001101110111011001111111
1101111101100011001101110101111100110100111111111001111111111011111101101111101001111111111
1111111010111111011110100010001111010111111111001111100111111111100011110011111101111111011
0101111111101111111001111110101110111001011110110011111111111011110111101101110011011111100
0010111111101111111111111011010111111110111101010110011110111001111101001111111111110100101
0011111100101111011111011011110111110001111100110111011111101111111111100110101001111111111
1111100111111011100111100111110011111111010011011101011101111111110011011011111101111110011
1110111100111011111110111110111111100100101111011011111111100011110110110001011111101111111
1011001101111111111101110111110110100111111001101110111110111100011111101011111110111011110
1011111011011111011101101101101111101000011011111101111111111111101101111111011101111001100
1111011111110001111111011111101101101111000111011010111111110111100110111011110011001111111
1111010010110111111110111000111101111110101100110001111111111111111110111011110111011101101
1111111010011111011111011111100111111111110110111100110010111110101111110110011101101101101
0111111111000001110101111111110111111101111111001111111101011011100101110111011111011010111
1100111111011101111001111010111011111111111100001111111110100101110110010110111111111111011
0101011111111011110111101101111110111111001111101110111011100111011110011111111110011110100
0111110001111111111111001101101111110010001011111111101011101100111111111110111111110101110
1101111010101011111001111111001111111111101111111001101110011111001011101111111101110011110
1101111001101011111111100111110011110110110010101111111101111001010010101111111111111111111
1111011011110110111111101111010111111111010101101001111111011111110001110110110110011111101
1111101110111111001011111111010101011001111110001010101101111111101011011011111111111110111
1101101110111101111111101011101011101011011111110101011111011110111010111101101101101101111
1111011111110111111111001100011111110101111111111110011101000111100111111111100011110111100
1011111111011111011011011111011011110111111101011011011011011111010111110101111011010011110
1011110110110101101101111101011110111111111011111011111111111011110101011011001111100011101
0111111101111011101110111011100111011111111111001110111111010101111111101110110100101011110
1111010001011110111000011110011111111011001010101111111111111110001111111111111111111111010
1111001101111101111111100101010111111100110111111111110110111011111001011110101111100101111
0110111101111111110010101011111101101100111111001111101111001111111110101111010111101111011
1111111101111011101010111111111010111000011111110111111111011111101011111101011010110011010
1011001110111011111101011111111111001111011001111111001111010011111111100011101101110111111
1100011111110011111110101011111111111111101111100011111010111111101001110101001111111111100
0111111001111110111111101110111111111011111110010111110110001111110010000011111111100111111
1111101011111011111101010111110111110110011010111101101010101111111010110111111110111101110
1000110111010011111101111111011111011111110111111000111101101101000111011111111101111111011
1110010110111011011110110101100111111110111111101111011110011110111111111010100111111111010
0101011111101111100110111101111111011101111110110001010010111111111011111111101110111101110
1111111101110011111111010101101111111101110011111101011010010111111110101110111001111100111
0111101101111011111110011111010111011111011110011101011100111111111110110101011111101111001
1011111101101101111011010111111101101101111101010111111110101111101110100111011011111011110
1100111011011110101011110110001101111111100111111101111111110111101111101101011111010101111
0111011111011111101011111011111010101011110101000111001111111111110111101111111001101110111
0111111100011101111011110101101011110010101101101110110111101111101111111110110111111101111
0111111010111100011111101110011011011111111111111010111101111110111110111111110011010001110
0110111010111111111111010111101111011101100011001101011101111111011111000111111111111110011
1110100111111101011111111001011011111111110110011011111101100111111000011111101110110111111
1111110001111111110100111111111001100101111011111110110110111101101101111110110111011101101
1111101110111111110011110010101111100111100011110111111011100111001111100111111111111100111
1110111010011111001011011111001111010111111011111101111101011111111111110011111100111101100
1111010111011110011111011111001111111101001100111100111011011111110011011111110111011111011
1111101010110011111011110000111110111111011110110111100111111001101111111111111111110101001
1111101110111101011111010101100101110101111111111111110110011111001111111010110110110111110
1111111101110010111011111011011111011111100011011111011111011100111111011101100101101111011
1011111111011111111111010011111001101110111011011111011101101111011000111111001111101001111
1011111111110111111001101110111010111101111011100111010111111101101101101101110111110110110
1110011101101110011111100000111011001110111111111111011111110111110111011011011111111001111
1111111011011001101011111111111110011110110111011011110101101011101101111110101110111110101
0111111011001110110100111111110111111110101010101111011110111011011101011101011111101111111
1110101110111111111111101101011110101110001111110011101111011110111111110110110101001111110
1011101111100111111110101110111110111010100111101111110110111011011111011001011111110110111
1110101111100111011101111111110011111100111111010101011011111001111111110111110100111100111
1110111111110110001110111111111101101100111111110101011101111111111001110110101010111011101
1011010111011111110111101101110111111111111000100110111111101001011011111110001011111111111
1111011001110111001101100110000111010101011111111111101111111111111011111011111111011110101
1010111000110011011010111011101111111111110110011111011001111011101111111111111011111101011
0110110111111111011110100111110111110101011110011111111001011111110011111100110111100111111
1111111100101001111111111110101110111110110011111001100110001001111101111101111111111111011
1100111101011111111011111011010111101011110101110111110110110111111011100101001111111111101
1111010011110100011111101010100111101111101111101111111111111110001111111101111110011111010
0111111111111111001101110111010111111000001111111110110111110111111001110111111001001101111
1111010111101111011011111110110110011011101111011110000111111111100111110011101101101111111
1111110101111111111111110111111000101110111111000111111111010001101101111011000101111101111
1110011011110101011110111110101101111111111000111111011011011011111110101001011011111111111
0111110101011111101011111111111110110010110110111101011110110111111011011101011101111101011
1111111111110111111111001101111101111111000111101111100010011111110111101110110101001010111
1111011111100111111111100111011101111111101011101111011011100111011110001101111110110101101
1111111111101110110110111011111111011110011011111011001111011010011111111101111100111001100
1101101011111110111110111100110011100011111110100111101111110111101111101111101111101110110
1111011011011010111111101011001111111111010011111110111111011101111001011011011100111101111
1110111100101000111101111111100111111111010101110011111101111110010101111111011111110111011
1011011011111110111110100111111110110111110100100111111111111001001111111101111011110011101
0111111011101111010111011111111111000011110010110101101010111110111110111111101111011101111
0111111101011110011111110001011111101111111011111111111110001111001011100011111101101111011
1111110000111111011111001110011111100101111101111101110110101110110111111011110001111111111
1011111011111011110111111111111101011110100011111101100000011111111100111110100111111110111
1110111101111011111111010111111001011111110111100111111011110111010101111101010101111011010
1110110111111101110101101100111111010101111111111011011110100100111111111110111010111101110
1110101111111011011100101111111111111101011011111000011101111100100111111111111101110110011
1011110101111111101110011111011100111100101101001110011100111101111111111111011111110111101
1111100011111111100101111111101111111110100110010111110111011011111101111011101101111101001
1101111101001110011110011111111111000111111110110111101100011111011011110010111111111101111
0111110111101111001101011111011111111111011111111110000101111000111101110111000101111111111
0011111001111111011110111101101111111011111011101111110101011100101111010111111001001111111
0111111101111100111111111010110101111111101110101011001111110111111110111100111111001100101
1111011111110110010111111101001111110000111011111110110110111011001111111111110111011111001
0101111111111111111110110111101111100111101001011111111100111010111001101111101110110111100
0101111101110111110111011111111010110010111011101101111111011101011111101101010100111111111
0111111100111111011011100110111011011011110011011111101101111111100011111010010111111111111
1111011111101100010101111110011011101111111110101111111110101111110011110001111101001111111
0101111111110111101110111101110111010111110101110111011111010110011111100111100111100111111
0110101100110111110011011011111011111101010101111011111111100011111111111110011101011111111
0110111011111111101111111011001011000111011111110111110011011101110011011111111111111100101
1000110111111100111101011111110101011101111101111011111111111001110111111000111110101011111
1001011110111001111111111111110011111111011100011111110100111011110110100110110111111111011
1101111111110111101011010110100111011011001001111101111111101101100101110111111111110111111
0111101111011011111100110011011111111111111000011001111011100111111101011011111111101101111
1101111011111111100111101011010111101110111101111101101010110101110111111010101111110111011
0101111110101010011111111011111111100010101111111111110011101011011011111110101100111111111
1001111011110100111011111100111111111011101111111111001100111101110101101111011110111011101
0111101111111111111001111111110100100010111011111010111110111110101100011111111010111101111
0111110111110101011110111100111011011110111110101111011110111111100111001111111001111111001
1110110111011101111011011111111011011011101111001110111111110111111101011101011100011110101
1011101111111111110110001111111110101110010011110000011011001011111111111111111111110110111
1110010111111110110110011101010111111101011111111111110111100110111010101111011111011110110
1011011101111101111111110011001111110111011101010111111011111001000111110110111101111101111
0111111110110110101111101111011001011011110111011010111011011111111111011000111111010111111
1101011011111011011001011111101101111111111111111001011111101011011111001111111010101111010
1110111011011111101000011101111110111110111001011111110110111011111100001111111111110101111
0110111111111111111011100110011000111111011110010101011110111110111111111101110111100111011
1011111001011101011011011111111111111101111111110011110101001110101101111011101111111011001
1111100101101110101110101010111110011100101111011111111010011111111111110111111000111111111
1010111011111101101110111111011111001110111001111110100101011101011111011111100111111111101
0111011110101110101101111101011010111111101001110111111110111101110111101101111111111011100
0111111111100111100011111001111111011011011111001001111111110111111101100101100111011111111
1111001111011111011111100101111111111111000111010111111111001111101100111001111001111110101
1101011111111111101110111111010101111110011110101111010110111011101111101011011110111000111
0101001110101110110011011111101101110111111011111100111110011100111111101111111111101110111
1111101111011101100011111101001111111111110100111101101110011111111100101100101111111111011
1101110111101111111001111001101101111111111111011111001100101111100111101011111111100001111
0001111111101111010110110111101111110111111110101100111111111110011111101011100111110111010
1111111101011110011110101011011111101111011111101111010001111111000111011011111011111110011
1111011011000111110111101101100111100111110111011101101101111110101110111111101110111110111
1101001111101111111011100011011100111111001111111110110110010101111111011110111110101111111
1111110011111110111111001010100111110111101011011111111111111000011111101111010110111001111
1111100101111101111111011101111111111111001101011101110011101011011011010101111101111110101
1001110111111101010111101100111010011101111111110111110010111111111101111111111000111011101
1111110111111111111111011111010111111110101001110101101110110001101010011111101111111000111
0011001111111110111011110011111111011101100111111101111111010101111001101110110111111110110
0010101011001111111101111010111111110111011110110111111011111100110111101111111110111011100
1101100111111111111001001001111111111111111010100011110011111101110011100111111111111110110
1111000110011110001110111111100111111011111111111011100111111001111100111110111110111111001
1101100111011110111111010101110011000111101111000111111111110001011111111110111111111110111
0011111011111111110111001111101011110111010111111111010111111100111001011111110111010011110
1100101111101100101111100011101111101011111111110111111110101101101011100111111111110111101
1111111010101101111110110001111111101111111011110111111010111111100101011100010111111111001
1110111101011011111111011111000011110111111011000111111111110101111000111111110010110111111
1111011101001110110110111110010110011111001101011011011111101111110111111001111101111111111
0111111100101111111111110011111010010101111111110000111111111111110001111011110111111110100
0111001111011011111011111110111100111010111101001101111110111110011101101111101101101111111
0110101111111011111100110011111111111100111110111110010011110101011111111001111111001111110
1011110011100111100100011111111111111110111011101111111110111101011100111111011111111100001
1100101000111111110011110111111011011111111000010111101110011111111010111111111111011011111
0111101111111101111111101011011111111110100111101101011101001110111100011111101111111100011
0111011111010110111101111001101111111011011111001111111111101110011010111111111010011101011
1111111011000111110101101111101111101111011010110101111101111110101101111111111111010000111
1011010011111011000111111111111110111110101101101011010111101011110111111111001111111010111
0111011001101100111111011110011110111111100110111111111111101111001101111101100111011111110
1111101111101110111111111110011111001000011110111111010111101111110111101101100110111101011
0111011111010110101110111101101111111011111110011101111010101111111110011011011100111111011
1101110111101111110111001111111111111101011111111100111100111100110011101111001111100100111
0111111011000111011111111110101001111101100001100101011111111111011111111111001111111110111
0011111011111111111100100011111101001011101111111101111110111110100111111111100111011111001
1110011110011011111011111101011111110011101011111011101011111111110111111010011110111101010
1011110011111100110110111101111101111101111110111011110110111101010011111110011011011110111
0110101111101001111110011110111011111011111111110011011001101011111111101111111111100110011
0001111101110110111011111101111110011111011011111111111101111111110001101010101001101111111
1110111110111111101010101011101111111011111110000111101111100111101111110111010111101111010
0111011101110100111111111011110011101010111101011111110110111111110111001111111111101101010
0101001110111110111101101011101111111111111011110111010100110111011111110111011011011111011
0111010110110111101111011010111111001101111011111110001110111111110110011011111110110111111
1110111010111111111111001111110111111111010101100101111011100111111110110111111100011110100
1111010011111111111110110111010011111000110111101010110111111011111101111011110011011011111
1011111101001001111110101111101111111111111111010101111010111111101001110101110001111110111
0011101110101111011011110111111011111111011001101110000111101111001111011101111110111111111
0101111101111111011111101000101111111101110100111110111110110111001111011111101101111111001
1011111110011110101111110011101111111111011111110111101110101111101011011111010111100100101
1101111111101111101101000010111111101110111111011110111110011111010111101010110011111011111
1111111010101111101111101111011100111101010011011010011101111101111111011111011110011110111
0110110111001111111010111110111111001101001111101011110011101110111111111111110011101011111
1111111000111110111001111111010110110101011111111111111010111111111100011011111001110011101
0110111111101101011100111111011111010111111101111101111011111111100111001110101111001101101
1011111111110110110110111111010011110100011111111101111101110111111011111110100110111101100
