1111111100110010111100011111001111110111111010100111111111111001011100111011100111111111011
1111100011011111110101001011001111010011100111111111111111111011100111110110111111111001110
1111011111111110011110100110010100111010111000110101111111011111101111010111011111110111111
1011111100111111110001010111101111111010001111111010101111101001101100111101111111111011111
0111011111010101111011111011100101110101111011111010111111101011010111101111111010111110011
0111101111011011111010111111111111101100101111101011011111011101110101011111111010101110010
1111110010111111011111101111011111111111101000010111111011100110011101101111010100111110111
0110111111101111111000110001111011011110111111011011110001010111011101111101111111111011101
1111011111001111011111000111100011111110110111010111101111001110100111111110111101111001111
1111011101111111101111100111010010111101011001101001111111110101110111011101111101111010111
1011111111001111001011111001111101111101101111001111101111011100110111111110100111011101101
1111111101101101100111011011101110010011111111111110110111110011100111011111110101010111110
1110111101000110100111101111101111101110100110011111111101011101110111011011111111111001111
1110111001011011111001011101101111111111011101011110111010011101111101111011101111101111001
1111110110110011011010111101101111011110111100011110111101111100110110111111111001101011111
1000111110101011110100111110010111111001111110111111111101101110110101011011111011111011111
0111111010000110011111111110101101110110010111111101111111111011011110101101011110110111111
1110110111111111101111101110110011011101011111101111111111100110110011111100100111011101001
1101011111110010011101101111110101101111100111111010111111110111010101101101111111110111100
1100111100011111101101110100111111101111111111101011111101000111111101111101110101101111010
0010111111111111011111001110101111111111011100011110101011111101001111101110111110001110111
0110111011111111111100111011011101110110001111111111110110001111111110110110110101101101110
1111110000111111110010001110111111111111001111011111001100011111101011111111111101110110110
1010100110111111110001111111110111011010111111111011101010111101101001111011101111110110111
1111010011110100111110110110011110111111011111111011111111101011111100111011101011000011111
0111111111111111111011111101110110000110000111001111111100101110000111111111111111101001111
1011111101011101111111111111101111101001011110101011110111010110110011101111111011100101101
1101111111111101111111101100111101101101111111101011001010110110100110111101011111011011101
1111101111011111011010111010111111010101110110111111001111010110111101101011111010111101110
1111011000111110111011110101111111011111111101011110011101111010111101110011110111011101010
1011111101001110100111011101110111111101101011111110111100001111011101111110110101111111110
1111001110111111111001011101001111111010101111011100101111110111111011110110101111111011001
1101011111111111110110101111001111100111111001001111111101110001110111101111110110101010111
1111011111001111000111110101110101101000111110101111101110111111110111111101011011110011111
1101111110111101010110110111101000110101111111011101111111111011110110111111001001111111001
1011011110010111101111011111100011111011111011001110101100111110111111110111101010111111110
0111101111111110011010110011101010011111111110101111011011010011111111110110011011111011111
1101101111110111101111111000011111001111010111111000111110010111010111111111111101111100011
1111110111111001111101110111011110010110011101001110111110011100111111111111101110111100101
0111011111011111110110111111100111111111011010101111011100101100011110111101111111010101110
1111101011110011001111100111111110111001111100001011111111111110111111110110101110110011011
1111100110110011011111111011100111011011110111011101011000111111101101111011101111110111011
1110011011110110110111111110111011101101110011111101101111100110011111110010111111011101011
0110111110111111111011100001011101111111011110011111011011111000111111111111001111101100101
1111111110111111001111001000011111111111110110111011110110101100111110111101110011111001110
0111101011111111011111101111101001111010111101110101101110001110111111011111111011010101011
1101111101011111101111110001110101111011111101110111011101010111000111110110111101111011011
0000111111111111011001111111111110001011001111111011111101111101101100110111101111011010111
1110110111001111101100111111011101101111100111101110110111001101111111111111011011111001100
1111111001011111110101011111011111000010101111111111111011111001001111111110101110101111001
1111110111101101101011111000110111111111100011111111011101101100110110111011101101111111001
1100101111110011011011011011111011101110011011010111011111101111111111110100111101011011111
1010110100100101001111011111011110110110101111101111011101111110111111111011101101111111101
1111111000111001111111110100111111111111111111101110000110100011011111110110111101000111111
1101011101111101001101111110011111101111110011011001101101111111110011011101111111011100111
1111111000110111010011111111100111111011110110101110111011011010011011110111111011111001111
1111010100111110111111011111011001011110111000111110100011110101111111111111001101011111111
1010111011110110011111010111011111010011111111111110101111111011110110110011011010010111111
1001011100111101111010110101001111110101111111011111111110110111111011111100111011101101101
1101111111101101111101101100011101110010111111111111110111111000111100111011011111010010111
1011111111111111011011101000111111111111100001101100011101111111111100001111101111110110101
1011110111011001111001010111011101111111111101011011111111111100001111111100111011101001111
1001110111011100111111101101111111011101111111101101011111110101111110110111000111101100011
1100111101111111101111110111111101111011011110010110101011011111110101011011101111100010111
1110111001101011101101011101110111110111110111110111111000101111111101101111111101110001101
1110101011011100111101110101111101101110111111011111111111101001111101010011111100011111011
1111011011011111101110110111110111010111111101100110111101111111001111101111101100100011011
1101111111100110111011101011111101011000111011100111011110111011111100111111101111110011011
0110111110110111011111111101111101111101011101011101111001101011101110101011001111111111001
1001110011011110011111111111111111100101111110110101111011110111010111111100011100011110111
1011111110110011110110110111010110110010011111111111100111111111110110111011101011011011101
1111101101011111100110110011101111011111010111110110101011110111111111011011111110100011101
1111100111111111111010001101111101111100111110110011010001111111011101110101111110101111110
1111111101010100011010111000111011101110111111100111111011110111111101111010110111101111011
1110110011110111101011010111110101001111100010111100101011111110111101110111111111111111011
1111011111011100111100011110101011111001011111010111111111111100111110111101011101101111001
1110100110110011111110010111101111111110011110111111001111111111001101111101110110010111110
1111111011010111010111011111011011101101011011110110111111011101110101011100111111011110011
1011111011111011111111111110101111100101101110110110101011100111111101111011101100011111001
1011001111111011101111011001110011111011111101111111111111011101110100001110101110111111001
1110010111111011111000111101111111011111101011111010011110111110111001100111111101110101101
1010110111111111011101111011111100111011101110011111110100111110111011101111001111101110010
1011000111111011101111111111110011110111011111000111011110001111111110101110111101111001110
0110111100010111101111101111111111010011111101101111111111000101100110111111000111111101111
1111111011111100100110101001101111011111101011011011011011111111001111011111111011100110111
1011111101101111111101001001011111101110101001111101111111011110101101011111110101111011110
1111110001111111110101101100111101101101111011111101011110011111000110110111110011111101111
1111111110101110101011111111111101011110111011111110001111101010101111011110101010001110111
1101111100111111111111100101110111001110111100011101111010101110111101100011011111111110111
1110110001011111101110001101111000111010111001011111111111111111111110110110111101100111111
1010111100111101101111110111001111100111111011111111110111011101110111111011001101111001100
1110111111111011110011011110111101111111100001011100111110111010001010110101111111111110111
0011110111011111111001111011011111100110011111111101100011101110111011110111100110111110111
1101011111110110000011111101101001110110111011111111101111101111101110111100011111111110101
1111111100110010111100011111001111110111111010100111111111111001011100111011100111111111011
1111100011011111110101001011001111010011100111111111111111111011100111110110111111111001110
1111011111111110011110100110010100111010111000110101111111011111101111010111011111110111111
1011111100111111110001010111101111111010001111111010101111101001101100111101111111111011111
0111011111010101111011111011100101110101111011111010111111101011010111101111111010111110011
0111101111011011111010111111111111101100101111101011011111011101110101011111111010101110010
1111110010111111011111101111011111111111101000010111111011100110011101101111010100111110111
0110111111101111111000110001111011011110111111011011110001010111011101111101111111111011101
1111011111001111011111000111100011111110110111010111101111001110100111111110111101111001111
1111011101111111101111100111010010111101011001101001111111110101110111011101111101111010111
1011111111001111001011111001111101111101101111001111101111011100110111111110100111011101101
1111111101101101100111011011101110010011111111111110110111110011100111011111110101010111110
1110111101000110100111101111101111101110100110011111111101011101110111011011111111111001111
1110111001011011111001011101101111111111011101011110111010011101111101111011101111101111001
1111110110110011011010111101101111011110111100011110111101111100110110111111111001101011111
1000111110101011110100111110010111111001111110111111111101101110110101011011111011111011111
0111111010000110011111111110101101110110010111111101111111111011011110101101011110110111111
1110110111111111101111101110110011011101011111101111111111100110110011111100100111011101001
1101011111110010011101101111110101101111100111111010111111110111010101101101111111110111100
1100111100011111101101110100111111101111111111101011111101000111111101111101110101101111010
0010111111111111011111001110101111111111011100011110101011111101001111101110111110001110111
0110111011111111111100111011011101110110001111111111110110001111111110110110110101101101110
1111110000111111110010001110111111111111001111011111001100011111101011111111111101110110110
1010100110111111110001111111110111011010111111111011101010111101101001111011101111110110111
1111010011110100111110110110011110111111011111111011111111101011111100111011101011000011111
0111111111111111111011111101110110000110000111001111111100101110000111111111111111101001111
1011111101011101111111111111101111101001011110101011110111010110110011101111111011100101101
1101111111111101111111101100111101101101111111101011001010110110100110111101011111011011101
1111101111011111011010111010111111010101110110111111001111010110111101101011111010111101110
1111011000111110111011110101111111011111111101011110011101111010111101110011110111011101010
1011111101001110100111011101110111111101101011111110111100001111011101111110110101111111110
1111001110111111111001011101001111111010101111011100101111110111111011110110101111111011001
1101011111111111110110101111001111100111111001001111111101110001110111101111110110101010111
1111011111001111000111110101110101101000111110101111101110111111110111111101011011110011111
1101111110111101010110110111101000110101111111011101111111111011110110111111001001111111001
1011011110010111101111011111100011111011111011001110101100111110111111110111101010111111110
0111101111111110011010110011101010011111111110101111011011010011111111110110011011111011111
1101101111110111101111111000011111001111010111111000111110010111010111111111111101111100011
1111110111111001111101110111011110010110011101001110111110011100111111111111101110111100101
0111011111011111110110111111100111111111011010101111011100101100011110111101111111010101110
1111101011110011001111100111111110111001111100001011111111111110111111110110101110110011011
1111100110110011011111111011100111011011110111011101011000111111101101111011101111110111011
1110011011110110110111111110111011101101110011111101101111100110011111110010111111011101011
0110111110111111111011100001011101111111011110011111011011111000111111111111001111101100101
1111111110111111001111001000011111111111110110111011110110101100111110111101110011111001110
0111101011111111011111101111101001111010111101110101101110001110111111011111111011010101011
1101111101011111101111110001110101111011111101110111011101010111000111110110111101111011011
0000111111111111011001111111111110001011001111111011111101111101101100110111101111011010111
1110110111001111101100111111011101101111100111101110110111001101111111111111011011111001100
1111111001011111110101011111011111000010101111111111111011111001001111111110101110101111001
1111110111101101101011111000110111111111100011111111011101101100110110111011101101111111001
1100101111110011011011011011111011101110011011010111011111101111111111110100111101011011111
1010110100100101001111011111011110110110101111101111011101111110111111111011101101111111101
1111111000111001111111110100111111111111111111101110000110100011011111110110111101000111111
1101011101111101001101111110011111101111110011011001101101111111110011011101111111011100111
1111111000110111010011111111100111111011110110101110111011011010011011110111111011111001111
1111010100111110111111011111011001011110111000111110100011110101111111111111001101011111111
1010111011110110011111010111011111010011111111111110101111111011110110110011011010010111111
1001011100111101111010110101001111110101111111011111111110110111111011111100111011101101101
1101111111101101111101101100011101110010111111111111110111111000111100111011011111010010111
1011111111111111011011101000111111111111100001101100011101111111111100001111101111110110101
1011110111011001111001010111011101111111111101011011111111111100001111111100111011101001111
1001110111011100111111101101111111011101111111101101011111110101111110110111000111101100011
1100111101111111101111110111111101111011011110010110101011011111110101011011101111100010111
1110111001101011101101011101110111110111110111110111111000101111111101101111111101110001101
1110101011011100111101110101111101101110111111011111111111101001111101010011111100011111011
1111011011011111101110110111110111010111111101100110111101111111001111101111101100100011011
1101111111100110111011101011111101011000111011100111011110111011111100111111101111110011011
0110111110110111011111111101111101111101011101011101111001101011101110101011001111111111001
1001110011011110011111111111111111100101111110110101111011110111010111111100011100011110111
1011111110110011110110110111010110110010011111111111100111111111110110111011101011011011101
1111101101011111100110110011101111011111010111110110101011110111111111011011111110100011101
1111100111111111111010001101111101111100111110110011010001111111011101110101111110101111110
1111111101010100011010111000111011101110111111100111111011110111111101111010110111101111011
1110110011110111101011010111110101001111100010111100101011111110111101110111111111111111011
1111011111011100111100011110101011111001011111010111111111111100111110111101011101101111001
1110100110110011111110010111101111111110011110111111001111111111001101111101110110010111110
1111111011010111010111011111011011101101011011110110111111011101110101011100111111011110011
1011111011111011111111111110101111100101101110110110101011100111111101111011101100011111001
1011001111111011101111011001110011111011111101111111111111011101110100001110101110111111001
1110010111111011111000111101111111011111101011111010011110111110111001100111111101110101101
1010110111111111011101111011111100111011101110011111110100111110111011101111001111101110010
1011000111111011101111111111110011110111011111000111011110001111111110101110111101111001110
0110111100010111101111101111111111010011111101101111111111000101100110111111000111111101111
1111111011111100100110101001101111011111101011011011011011111111001111011111111011100110111
1011111101101111111101001001011111101110101001111101111111011110101101011111110101111011110
1111110001111111110101101100111101101101111011111101011110011111000110110111110011111101111
1111111110101110101011111111111101011110111011111110001111101010101111011110101010001110111
1101111100111111111111100101110111001110111100011101111010101110111101100011011111111110111
1110110001011111101110001101111000111010111001011111111111111111111110110110111101100111111
1010111100111101101111110111001111100111111011111111110111011101110111111011001101111001100
1110111111111011110011011110111101111111100001011100111110111010001010110101111111111110111
0011110111011111111001111011011111100110011111111101100011101110111011110111100110111110111
1101011111110110000011111101101001110110111011111111101111101111101110111100011111111110101
