011110011110111111111101111111011011110111101011101001111110110101111101111011011111111011111011001001111
101001111111010111101111101111111111010111111000111100110011101111110111101111101111011110010111111101111
111001111100111111011111110111101111111101100111111101111110101111110111110011101001101111111001110110101
111110101101111111110101011011101100011111110111000001101110111110101110111111111111011111011111101111111
101011010100111010111111100110011111111011101101111111111100111010111110100101111111111111111110110111111
011011111111110111101111111111110111010010011101110110101010011110111111011101111111010101111111111110011
111111001111010111101111001111010111111001010111111111101111110110111110111101111110111010101110111110110
111011111010111110111010110101101101111101001111110110110111011101111011111011110111111011010111111111011
010010111111011111111101011110111011011111111011111111100111011111110111001110111111111000001101101111111
100111110011111110110101010111100111111001101110111101101101001111111111111011111111111111100100111111111
111100111111011110101101111111110110011110111111100101111011110111110101101110011111101111100011111110111
111101010111111111010111111111110110100111111111001101010011011101111111111011111110011011011011010111111
111110101011000111110110111110111101100111111111010110111100111011111111110111011110111011110111111110101
111110010101111010111111111101010110111111111111010111101111111111001111010011111011111011010011110011111
111101110011111101111010111011111111010101110001111100111111111111111010111111111111111001111011000100111
111001001111101101101111110111001111110110101110011111110111111100111111001111111111001111111011101011111
101111001101100110011110111111111101111101110110100101111011111111111111011001101101111111011110011111111
110111111011011101110111011011111111111111100111110101111111011110111010011111110100110100111110111111001
101011111110110111101101011111110111100111110011111110110110111010111001011111111110111111111001101111011
110111111101111110110101111111101010011111110110111011001011101111101111111000101111111011111110111111001
111110110110110011111100111110011111111010011111011111110110111111111111011111110111011001001111110011110
111101111110111011010111011110111111000101011111110110101010111011111111111111011101011111011100111110111
111111011001111111100111111110100101111010111101111100111011111110110101111001011100011111111111101111111
011111010111110111111101111111010011101101110111011111110101111111010111101101101110110010111111001111111
111001111101111111111000111011110111100110010111111011011111001001111111111110111101100111111011110111111
111111111101101010111110010011110111111110110011110011101111111111111111100011011110110101111011011111110
111111100111010111011110100111111111111011101011011011111111010110111111111110101111111011010110111011001
010011011011111111011010110011111101011110111111110110110101111101111111111011111111011110110110111011101
111111011111100111101011110111011110011010011010111111111110111011111111111101111101011100010111111100111
111011001101011101111111111110110011100011111101011111111110111111111001101111011111111011101110101011011
101011110111111101111101111110011101001110100110111111111011110111111011111111101010100101101011111111111
110111011111010111100111100101111100111111101111111111011100111011100111011111011111111011101111011001111
101111110111001011101101001111011110111110110111111111111011111010111111111110111111011000011111111000111
011111111001101110111111111110111101111101111011101011001111101111111111110101111011110010101011011111010
111111101010111011011111011111100101111111100011111110110011111011110110111101110011111110110111111110110
011111110111011001111110111110111110101101111110111101011110010111110010110111111111011101101111101110111
111001111111011011111011010110111111001110011111011000111111101101111110011111111010011101111111111101111
111111010111011011011010110111011011101111001011111110101111111110110011111111111111011001111110011111110
011101110101110101011111110111101110111010111110111111110101111111101001001111111111011111111101111110001
110110001111111011101111011111111111101111111101001111011010100111110110111001011101111111111111100111011
111010111111110111001101111101111011101100110101110111111111111111011111111110111111011011011111010010010
111101101111111111011111100111100111111001101111111101111101101110111011110111101111101011000111100110111
111111110011101111110111011111110111011111001111111001111110101001111111110111111011001101100110111100111
110111111110111011110111101011111110111011110011111110111001110111011110110110111101011110111011101111100
111011100111111110110111110111000001111111011011101111111010111011111111111111110101111111110011101010110
111111111101111101101110111001111010111110111110011010111111010011010111011110111010111111111111111000111
110100011101111111001011011101101111111011101111111111011111111001010101111110111101111111111011111000111
011010011101101111111111011011001011011011111101100110111111111111110111011111111101111011001111111011011
110111110110001111111001011101111111111011111011110001111111111110101111111001011100101011111110110111111
011011111101111111110111110011111011111100011010111101101010111110101110111100111111011111101111101110111
111110111111111001111111100000111111101110111111111111001011110110110110111111100111001111111001110111101
001111010111111010111111110111111111011111100111110101111110011111101101001110111111111101110101010011111
111101101111110111011011111010101101111110111110110111111111011111011011111111010101001111111101011010110
011111100111101001111101111111111001111111110111111111111001111111001011101101001111100111101111011011110
110101111111110111111111101011111110111011011111001011101111111111011101110000110011111111110101010110111
111111101101110110111110111011101101011100111111111110101111111011111100011111110111111010110101101001111
011111111101111100110101011111101101101110011111101011110111111010101111111111111111010110010110111111011
111111111101011111110111111000101111111111101110011111011011111001011110011111100111000111111111101110101
101111111011101111110111011101001111011110011101111110101110110011110100111111011111110111110111011111101
111111111110101110111110011110110111011111100001011010100011111111101110111011001111111111111101111111110
111111100111011111111011100100001111111111010111011111110011111111001110111001111010111110100111111111111
110111110100110111111110011101111101111011011111100111111011011111111111011011100111101001011011110111111
111111100100011011011111111001001111111111101111110111001111011111111110101111111010101111111110101110110
101011011111111011111111111011111011110101111110111111110101101110111111100100101110111001010111101111110
111111101001111111011110110111010101111111101011111100101111110011101110111011111111111110011101111101010
111110111111101101101111110101011111101000111110111110111111110011111101011111011011111001111111110101100
111110110111111010001111111111101100101011111101111001111101111111001111101101011110011111111011010111111
011101111101111111011101001001110111111111110101101011011110010011111011111110111110100111111111111111110
011101111011011111111010111001111111101111111000111101111011101011111010111011110110111111010101111101111
101001011110111111101010111111110111101011111100011110111111110111101110010100111111110111111011101111111
011111111101111100011111111001110101111100111100111111110111111111110111111100111011110111011011110100011
011010101111100111111011111011100111111111110101111111011101111101110111100011001001011111111101111111111
111101111011010001111100111111111011100111100111101101011111111011111100011110110111111111101111110011111
011111111110000101111111111111101111111110001111001010001111111100011111111111101111110011100111111101111
110110001111101110111111011111111010110101110011111111011101110111110111110011001111011101111110111111110
011111101101100111111011111111111110111011101111100101110111011111101010101111111101111101011111001011101
111100011111101110111011111011101100111011111111100111011101111101111101111111111101111100011111100111001
011100111001111111101111011111111010111010111111101101010111110111101011111110111111100111111101111100011
111111101111010111011111001111101100111101011101001111111111111101111111011100011111101010101011111011111
111101010110111101000111110111100011110101111111111111011001010111110111011111111111101111111111100111101
011110101111101111101110001101101010011111111110011111101101101011101110111110111111111101111111110111101
111101111111010111110011011110111111110111000111101011011011010110111011111111111111111111001111101110100
111001100111100001101111010111011111111111110011011011110111111111111011111111001111111001101111111100111
001111111111101111011111101010010111111111111110100001111110111110101110111111011101110101100111011111111
110110111111101111001101111111011111111011101010111011111101011110010101111111111001011111010101101111111
111110110011111111111100111101101111110111101111011011011111010110011011111101101101111110111001110111101
111111101101101011100011101111111111110111111011101111111001110111100001111101100111111011110111111101101
010111111111011110110011011110011110011101101101110111111011111111111010111111101111101110101110111111010
111111101111111000111111101011110111110110111100111010110011110110110111111101110110111111101110110101111
111111011011100101111111011111010101110101111111111111110111111111110111111010010111111001110100001111110
011101111111110111111111011111110001111100111101100011110111111111101111010111010011110111111001110111011
101111111011010111110101011111111111111111111100011011011101111010001111011111001001111111111111110110101
110111111100111101100111111111011001101111100111011111101110111101011111110111100111110110101101111111110
110011110011000111011111010111111010111110111111111011111011001100111110111111011110101001111111111111111
101111101011010111111011010001111111111101001011100101011111011111111011101111111101111111101110111110111
101101111111111111111011001111100111010111000101101010111111100111010011111111111111111111111111011001110
111111110111111010101110110101110111011110111110010111011110111101011011011110011111111101101111110101111
101111111111111111100110110100101111111110101110111110101101110110001110111111011001011111111101011111111
111110111110011111111100110111101110011001001110111111011111111100101111101111101110010110111011111111111
111111011011111110011110101010001111111011111011111111110111110101110111110110011111110011110010111110111
111011111011011110110101011110111101011101101100111111110011111111111111101000110011111101110111111111101
011111011101011100110111111111011111111111100111011011000101101000101111111111111111111111111101111010011
101010111111110111101111101110111001011010111101111111111101111111110011111011111111001011101011110111001
101100111100110110111111110111111011101010001111111111110011100011111111111101110101111110111111110111101
101111110101011111011001110111111101011111110011110011101111101011011101111110111111001111111110111011101
111111110000011111111010111010010101111111011101111111110011111111101110111100111011011101111111111110110
111111110111101111111100110101111101110101101011101011110111111111111100110110100100111111011111011011111
010001111111111111011110111010111111010110111011111111011111011110111110111111111000011101101110011101111
011000111111111111111111111111101111000101110111011101110010111111010001001111111111111110001111101111111
111101100111110111101111101011111010110111111011011111111110101110111100011110111111111010111111011101010
100111111111100110111011111101011111101011110111111111110111011101111110111110110011011111000101101111110
110011111101111101111111001110100110111111010110111111101111111111100011110111111110101101101110111110101
111110101111111111000111101111110101111110111110111111001110110111010111011111101011010111111010101111011
011110111101011011110111111111110110110000111111111111111111111011011100111100110101111111001011111111100
010011111011111111111011001110111111111111111101010111111001111011111111100011111010101101011110110111110
101110111110110111001001111010111110111011111111111110011011100111111101101101110011111101111111010111111
001111111101111111010111111011111111101111101100111110010111011110011111011111111111101101010011111110100
001011011111111111110011101111010111110100001110110111110011111101111111111111101110101111011111101111110
111101010111111011111110110111110111101010111111111100111011111110111011110011110110010110110111111011101
111111011111011110101100011010111111101111111101110111111000110011111101110011111111111111110001100111111
111101110011111011011110010110101111101111100111110110111101011111111101111111011011111111101011010111110
111111011111000111101111100110111111111011101010111111111111000111011111101101111111010100111110101111011
111110111101111110110111011101101011111101101100101110111111111101101111111101100110111111101111011101010
111011110110011101100111111111011111010101111110011011101111111111110001111011111111101111011111100100111
101111111011111110110111011111101111011111100100111110100111111011111111101101010110111110011011110111101
110101011101001111110011110110110111110011101111111011111111111111011011011011011011111011111111010011111
111010111111011101111100111010111011111011111011111100111111111110100001011111111101011011011111101011111
110010111111111010011101100101111101011111110110110111111110110110111011111111111110101111011011111111001
010110111110111111111110111100011001111011010111111111110110110111101101111011110111110011111111101101011
110111000011101111100110110110101111110111111101011111011110011101111110101101111001111011111111111111111
111010111010111111011111101110011111011010001111110111111111111111111111111111100010100011110001111101111
001110101011111111111111101110111111101101101111011111011111001101111111111011010011111111011100011110101
101101111011001110110100111111010110111111100110111111001111111111111111110101011110111110111111011001111
011011110111111011011101111110111010111101111101110011110111110111110110111111100011001111110011111111110
101011011110111111100011111011011110111101011011111011111111110111111111011111110110111100111000111101101
010111111111101111001111011111101011011100111100111100111111101011111101111001110101011011111110111111111
110011111111011111101010101110011101111110111011110111111110111010001101110111111011100111111111101111110
110101101111100111011011011111101110111111111110111101111011011011111111011001111100111111111001011001111
111010010010111111111101111111100101001100110111111110111110111111001111111101110111110111101111111101101
111001111110111110110111011010100111101011110111111111110111111111111111010111001111001110110011101111101
011101111111110111110111110110011011111111101100111111111111101111010101111111100101101101000001111111111
111111110001111101111111111011110111011011111111001111100111111011111111001111111110000110111011001101101
111110100111111101011010111011101111111110110110111111101100111101010111011011111000111111111110111101111
001101110111111111101111011111000111111110111111111111101000111100111111110011100111111100111111111000111
111011011111110111101110101111011011110110111011100011011110101110111011111111111111110011101010011111111
101101011111111101111101011111111100100111111111110001110110111011111110010111111101011110111011111111001
111111011011101111111010111110011111111111011111000111011110111110011011111000011111111111011010011110111
111101110111011011101011011110111111101111111111011011001101101111011001110101111111010101111110110111111
101111001101111111111011101101111111011111001010111111111100111111111101000111111100111100111111101110011
011111111111111111101110011011111111101101011101111101011010110111110101011100111101011111111111101100011
011110111111101010111011111100111111110111011110111111111111101111011101110011101101010111011011110110101
111011111101111000110101111111101001101110110111011011111111111011100001011111111011111011111111010111111
111111111110000111011111111111101001111001011111011110111110111110011111110011110111101011111001101110111
101011111111111011110111101111111010111101010110110101011001111101110111011011101111110111011111111110110
101110101111111011110111011011111010011111011011110010111011111101111111101011011111011110111110110111011
110111100110100011110111011111111101111111111111110101001101110110011111101111110011101111111111011111010
111111111110111100111101111101101101101110011111111111010111111011111111011011011110101101011011011010110
100011100011111011111110111110111110111111111111100011111111111111111110110011011101110111111100111001100
111100011011101101011111111111101101011001011011111111111110110111011101110111011101111100111111111110101
111010101111111101111100111011101011110000111111111111111101111110111111100110111011010111111011101101110
110110100111111110111110101011001111111011111111010110111011101011111111101111111111110111101001110011011
011110011110111111111101111111011011110111101011101001111110110101111101111011011111111011111011001001111
101001111111010111101111101111111111010111111000111100110011101111110111101111101111011110010111111101111
111001111100111111011111110111101111111101100111111101111110101111110111110011101001101111111001110110101
111110101101111111110101011011101100011111110111000001101110111110101110111111111111011111011111101111111
101011010100111010111111100110011111111011101101111111111100111010111110100101111111111111111110110111111
011011111111110111101111111111110111010010011101110110101010011110111111011101111111010101111111111110011
111111001111010111101111001111010111111001010111111111101111110110111110111101111110111010101110111110110
111011111010111110111010110101101101111101001111110110110111011101111011111011110111111011010111111111011
010010111111011111111101011110111011011111111011111111100111011111110111001110111111111000001101101111111
100111110011111110110101010111100111111001101110111101101101001111111111111011111111111111100100111111111
111100111111011110101101111111110110011110111111100101111011110111110101101110011111101111100011111110111
111101010111111111010111111111110110100111111111001101010011011101111111111011111110011011011011010111111
111110101011000111110110111110111101100111111111010110111100111011111111110111011110111011110111111110101
111110010101111010111111111101010110111111111111010111101111111111001111010011111011111011010011110011111
111101110011111101111010111011111111010101110001111100111111111111111010111111111111111001111011000100111
111001001111101101101111110111001111110110101110011111110111111100111111001111111111001111111011101011111
101111001101100110011110111111111101111101110110100101111011111111111111011001101101111111011110011111111
110111111011011101110111011011111111111111100111110101111111011110111010011111110100110100111110111111001
101011111110110111101101011111110111100111110011111110110110111010111001011111111110111111111001101111011
110111111101111110110101111111101010011111110110111011001011101111101111111000101111111011111110111111001
111110110110110011111100111110011111111010011111011111110110111111111111011111110111011001001111110011110
111101111110111011010111011110111111000101011111110110101010111011111111111111011101011111011100111110111
111111011001111111100111111110100101111010111101111100111011111110110101111001011100011111111111101111111
011111010111110111111101111111010011101101110111011111110101111111010111101101101110110010111111001111111
111001111101111111111000111011110111100110010111111011011111001001111111111110111101100111111011110111111
111111111101101010111110010011110111111110110011110011101111111111111111100011011110110101111011011111110
111111100111010111011110100111111111111011101011011011111111010110111111111110101111111011010110111011001
010011011011111111011010110011111101011110111111110110110101111101111111111011111111011110110110111011101
111111011111100111101011110111011110011010011010111111111110111011111111111101111101011100010111111100111
111011001101011101111111111110110011100011111101011111111110111111111001101111011111111011101110101011011
101011110111111101111101111110011101001110100110111111111011110111111011111111101010100101101011111111111
110111011111010111100111100101111100111111101111111111011100111011100111011111011111111011101111011001111
101111110111001011101101001111011110111110110111111111111011111010111111111110111111011000011111111000111
011111111001101110111111111110111101111101111011101011001111101111111111110101111011110010101011011111010
111111101010111011011111011111100101111111100011111110110011111011110110111101110011111110110111111110110
011111110111011001111110111110111110101101111110111101011110010111110010110111111111011101101111101110111
111001111111011011111011010110111111001110011111011000111111101101111110011111111010011101111111111101111
111111010111011011011010110111011011101111001011111110101111111110110011111111111111011001111110011111110
011101110101110101011111110111101110111010111110111111110101111111101001001111111111011111111101111110001
110110001111111011101111011111111111101111111101001111011010100111110110111001011101111111111111100111011
111010111111110111001101111101111011101100110101110111111111111111011111111110111111011011011111010010010
111101101111111111011111100111100111111001101111111101111101101110111011110111101111101011000111100110111
111111110011101111110111011111110111011111001111111001111110101001111111110111111011001101100110111100111
110111111110111011110111101011111110111011110011111110111001110111011110110110111101011110111011101111100
111011100111111110110111110111000001111111011011101111111010111011111111111111110101111111110011101010110
111111111101111101101110111001111010111110111110011010111111010011010111011110111010111111111111111000111
110100011101111111001011011101101111111011101111111111011111111001010101111110111101111111111011111000111
011010011101101111111111011011001011011011111101100110111111111111110111011111111101111011001111111011011
110111110110001111111001011101111111111011111011110001111111111110101111111001011100101011111110110111111
011011111101111111110111110011111011111100011010111101101010111110101110111100111111011111101111101110111
111110111111111001111111100000111111101110111111111111001011110110110110111111100111001111111001110111101
001111010111111010111111110111111111011111100111110101111110011111101101001110111111111101110101010011111
111101101111110111011011111010101101111110111110110111111111011111011011111111010101001111111101011010110
011111100111101001111101111111111001111111110111111111111001111111001011101101001111100111101111011011110
110101111111110111111111101011111110111011011111001011101111111111011101110000110011111111110101010110111
111111101101110110111110111011101101011100111111111110101111111011111100011111110111111010110101101001111
011111111101111100110101011111101101101110011111101011110111111010101111111111111111010110010110111111011
111111111101011111110111111000101111111111101110011111011011111001011110011111100111000111111111101110101
101111111011101111110111011101001111011110011101111110101110110011110100111111011111110111110111011111101
111111111110101110111110011110110111011111100001011010100011111111101110111011001111111111111101111111110
111111100111011111111011100100001111111111010111011111110011111111001110111001111010111110100111111111111
110111110100110111111110011101111101111011011111100111111011011111111111011011100111101001011011110111111
111111100100011011011111111001001111111111101111110111001111011111111110101111111010101111111110101110110
101011011111111011111111111011111011110101111110111111110101101110111111100100101110111001010111101111110
111111101001111111011110110111010101111111101011111100101111110011101110111011111111111110011101111101010
111110111111101101101111110101011111101000111110111110111111110011111101011111011011111001111111110101100
111110110111111010001111111111101100101011111101111001111101111111001111101101011110011111111011010111111
011101111101111111011101001001110111111111110101101011011110010011111011111110111110100111111111111111110
011101111011011111111010111001111111101111111000111101111011101011111010111011110110111111010101111101111
101001011110111111101010111111110111101011111100011110111111110111101110010100111111110111111011101111111
011111111101111100011111111001110101111100111100111111110111111111110111111100111011110111011011110100011
011010101111100111111011111011100111111111110101111111011101111101110111100011001001011111111101111111111
111101111011010001111100111111111011100111100111101101011111111011111100011110110111111111101111110011111
011111111110000101111111111111101111111110001111001010001111111100011111111111101111110011100111111101111
110110001111101110111111011111111010110101110011111111011101110111110111110011001111011101111110111111110
011111101101100111111011111111111110111011101111100101110111011111101010101111111101111101011111001011101
111100011111101110111011111011101100111011111111100111011101111101111101111111111101111100011111100111001
011100111001111111101111011111111010111010111111101101010111110111101011111110111111100111111101111100011
111111101111010111011111001111101100111101011101001111111111111101111111011100011111101010101011111011111
111101010110111101000111110111100011110101111111111111011001010111110111011111111111101111111111100111101
011110101111101111101110001101101010011111111110011111101101101011101110111110111111111101111111110111101
111101111111010111110011011110111111110111000111101011011011010110111011111111111111111111001111101110100
111001100111100001101111010111011111111111110011011011110111111111111011111111001111111001101111111100111
001111111111101111011111101010010111111111111110100001111110111110101110111111011101110101100111011111111
110110111111101111001101111111011111111011101010111011111101011110010101111111111001011111010101101111111
111110110011111111111100111101101111110111101111011011011111010110011011111101101101111110111001110111101
111111101101101011100011101111111111110111111011101111111001110111100001111101100111111011110111111101101
010111111111011110110011011110011110011101101101110111111011111111111010111111101111101110101110111111010
111111101111111000111111101011110111110110111100111010110011110110110111111101110110111111101110110101111
111111011011100101111111011111010101110101111111111111110111111111110111111010010111111001110100001111110
011101111111110111111111011111110001111100111101100011110111111111101111010111010011110111111001110111011
101111111011010111110101011111111111111111111100011011011101111010001111011111001001111111111111110110101
110111111100111101100111111111011001101111100111011111101110111101011111110111100111110110101101111111110
110011110011000111011111010111111010111110111111111011111011001100111110111111011110101001111111111111111
101111101011010111111011010001111111111101001011100101011111011111111011101111111101111111101110111110111
101101111111111111111011001111100111010111000101101010111111100111010011111111111111111111111111011001110
111111110111111010101110110101110111011110111110010111011110111101011011011110011111111101101111110101111
101111111111111111100110110100101111111110101110111110101101110110001110111111011001011111111101011111111
111110111110011111111100110111101110011001001110111111011111111100101111101111101110010110111011111111111
111111011011111110011110101010001111111011111011111111110111110101110111110110011111110011110010111110111
111011111011011110110101011110111101011101101100111111110011111111111111101000110011111101110111111111101
011111011101011100110111111111011111111111100111011011000101101000101111111111111111111111111101111010011
101010111111110111101111101110111001011010111101111111111101111111110011111011111111001011101011110111001
101100111100110110111111110111111011101010001111111111110011100011111111111101110101111110111111110111101
101111110101011111011001110111111101011111110011110011101111101011011101111110111111001111111110111011101
111111110000011111111010111010010101111111011101111111110011111111101110111100111011011101111111111110110
111111110111101111111100110101111101110101101011101011110111111111111100110110100100111111011111011011111
010001111111111111011110111010111111010110111011111111011111011110111110111111111000011101101110011101111
011000111111111111111111111111101111000101110111011101110010111111010001001111111111111110001111101111111
111101100111110111101111101011111010110111111011011111111110101110111100011110111111111010111111011101010
100111111111100110111011111101011111101011110111111111110111011101111110111110110011011111000101101111110
110011111101111101111111001110100110111111010110111111101111111111100011110111111110101101101110111110101
111110101111111111000111101111110101111110111110111111001110110111010111011111101011010111111010101111011
011110111101011011110111111111110110110000111111111111111111111011011100111100110101111111001011111111100
010011111011111111111011001110111111111111111101010111111001111011111111100011111010101101011110110111110
101110111110110111001001111010111110111011111111111110011011100111111101101101110011111101111111010111111
001111111101111111010111111011111111101111101100111110010111011110011111011111111111101101010011111110100
001011011111111111110011101111010111110100001110110111110011111101111111111111101110101111011111101111110
111101010111111011111110110111110111101010111111111100111011111110111011110011110110010110110111111011101
111111011111011110101100011010111111101111111101110111111000110011111101110011111111111111110001100111111
111101110011111011011110010110101111101111100111110110111101011111111101111111011011111111101011010111110
111111011111000111101111100110111111111011101010111111111111000111011111101101111111010100111110101111011
111110111101111110110111011101101011111101101100101110111111111101101111111101100110111111101111011101010
111011110110011101100111111111011111010101111110011011101111111111110001111011111111101111011111100100111
101111111011111110110111011111101111011111100100111110100111111011111111101101010110111110011011110111101
110101011101001111110011110110110111110011101111111011111111111111011011011011011011111011111111010011111
111010111111011101111100111010111011111011111011111100111111111110100001011111111101011011011111101011111
110010111111111010011101100101111101011111110110110111111110110110111011111111111110101111011011111111001
010110111110111111111110111100011001111011010111111111110110110111101101111011110111110011111111101101011
110111000011101111100110110110101111110111111101011111011110011101111110101101111001111011111111111111111
111010111010111111011111101110011111011010001111110111111111111111111111111111100010100011110001111101111
001110101011111111111111101110111111101101101111011111011111001101111111111011010011111111011100011110101
101101111011001110110100111111010110111111100110111111001111111111111111110101011110111110111111011001111
011011110111111011011101111110111010111101111101110011110111110111110110111111100011001111110011111111110
101011011110111111100011111011011110111101011011111011111111110111111111011111110110111100111000111101101
010111111111101111001111011111101011011100111100111100111111101011111101111001110101011011111110111111111
110011111111011111101010101110011101111110111011110111111110111010001101110111111011100111111111101111110
110101101111100111011011011111101110111111111110111101111011011011111111011001111100111111111001011001111
111010010010111111111101111111100101001100110111111110111110111111001111111101110111110111101111111101101
111001111110111110110111011010100111101011110111111111110111111111111111010111001111001110110011101111101
011101111111110111110111110110011011111111101100111111111111101111010101111111100101101101000001111111111
111111110001111101111111111011110111011011111111001111100111111011111111001111111110000110111011001101101
111110100111111101011010111011101111111110110110111111101100111101010111011011111000111111111110111101111
001101110111111111101111011111000111111110111111111111101000111100111111110011100111111100111111111000111
111011011111110111101110101111011011110110111011100011011110101110111011111111111111110011101010011111111
101101011111111101111101011111111100100111111111110001110110111011111110010111111101011110111011111111001
111111011011101111111010111110011111111111011111000111011110111110011011111000011111111111011010011110111
111101110111011011101011011110111111101111111111011011001101101111011001110101111111010101111110110111111
101111001101111111111011101101111111011111001010111111111100111111111101000111111100111100111111101110011
011111111111111111101110011011111111101101011101111101011010110111110101011100111101011111111111101100011
011110111111101010111011111100111111110111011110111111111111101111011101110011101101010111011011110110101
111011111101111000110101111111101001101110110111011011111111111011100001011111111011111011111111010111111
111111111110000111011111111111101001111001011111011110111110111110011111110011110111101011111001101110111
101011111111111011110111101111111010111101010110110101011001111101110111011011101111110111011111111110110
101110101111111011110111011011111010011111011011110010111011111101111111101011011111011110111110110111011
110111100110100011110111011111111101111111111111110101001101110110011111101111110011101111111111011111010
111111111110111100111101111101101101101110011111111111010111111011111111011011011110101101011011011010110
100011100011111011111110111110111110111111111111100011111111111111111110110011011101110111111100111001100
111100011011101101011111111111101101011001011011111111111110110111011101110111011101111100111111111110101
111010101111111101111100111011101011110000111111111111111101111110111111100110111011010111111011101101110
110110100111111110111110101011001111111011111111010110111011101011111111101111111111110111101001110011011
