001111111101010100011111111111010111111111111111011111111101011111111101110111111101111110101101100110100111010111111011
110111001111111111111000011111011111011111111110101110110001110110111111110111011101111011101110111111101111100101111111
111010101111011110110111111111010111001111011011110010111111111011111010110111111110111111111101101111100110111011111011
101111111101011000101111111111101110111110111111111111110101101101001111011010101110111111010111101111011101110111111111
110111101010111110101101111111011011111001010110111111111111101111111111100011111010100111110111100111111111110110111111
111110111110011100101011111111110111010111111111111111110111111011111011110011111101011101111111110010100110110011111011
111011110111111111101110001111111111111001101101100111111110111100011111111111111001100110111011111100111111111101011110
111101011111110011111001010011110111111111011111111111110101110110111101001111111111110011011010111011111110110111011111
111001110110110101101101110111101111111111011111111111101111111011111101111111011110011110011011110111101111011110001110
111111101110111011011001111101111111010111110110101001111111011111111111111101110110111110101011101011111111101110001111
111111111111010110011100100111011111110111101101110111100111111111011111111111101111001101011111110111111011111010110110
101110111111111111111111010111111111110111111111110110011011011111110010111111111000001101111111100111010110010101111111
111111100101111111111011011010111111100111111011111100111110001111010011101111011101111011111110111111111111111010010111
111111111011110011001111111111111101111000111101011011001111101101111111001001111111110011111110111101111111110110101111
111110010111100101111011111011110000111101110011011011111111101110000111101111110111111111111110111111011111111111111101
111111100100011111011111101111110101111011111100100111011101111111101011111111010100011110111111111011111011111101111111
111111111111110111011111110111001111101111111111110100101111101100111010111111101011111010111010111101110111001111011011
111110101011101111101011011011111111101111111100111101011011110110110100111011111010111011111110111111111110111111010111
011111111111010111111101101011111110101101111101111111110111111111110111001101100101011011000011111111110101101111111111
111011000101111110110011111110011111101111111011011010101111101111110111111111111111111111111010101011110011111011011110
101011111111011111101101110110111111111111011111111101110011101101111101110111110111111011011111011000101111111011011100
101110010111111111101111100111111101011110111111111011101001111101111111110111101101110101101111101100111111111011101011
111001111110111111111001100010110111111111111111110111111001111101110111110011011000011011111011111111111011111010111111
111111001011111101111111011111111101111111101111111111101111111111111100011110101111111010111100011110001001111110110100
111111011111110111001111111000110111101101111110010111001111101101101101011111111111110111111111111101101110110111111001
111101110011111101111011110110101111111101011111011111101111101110111111011011111111110101111101101110101110110010111011
011111011101111111111101101011111111010111111111111101101101110111100100111011111101101110111011110011110111111110011101
010111111101011110111111111100101111110111010101111111011101100111111101111110010111111100010111111111100111011111111111
000101111101111110111001110111010111111101110101110111111110111111011111110111101111111101111101111111110111011000101111
111111111101101111111111010111010100011011111110011110110111111110101111011111101111010110111100110110111011111111101111
101111111110100111100110001111010110111111111010101011011110101111011111101111111011111111111101010111101111111111011111
111111111010111101101101101111100111110101101111101011111111110111111111111111101011101111110010111111110010101101110011
111011101101111101101110111111011111001111001110111111101111111111111111101111111110011111010110111001101110100111110011
111111011011011101111101101110111111011101011111111011100111111111101111111111110111101111110010011101100011100011111111
111110101110110111111101111101110101101110101110101101101111110111111011011111111111111111101111011010111111010011101110
111011110110001110101111011111101101111111011011011101111111111111111111110011010011011011101111011111110011111011111110
011111111011110110001111011111111101011101111100011001111100111111111110101001110111100111111111111101110111111111111101
111011100111111101111101111111101011001111001011101011111111111100111111111011101001111101101111010111100111101111111111
110111111100111111111111101111101111110111010010111111111011111001101111010101111110011110001101111110110111111011101111
111101011110111101111101111110011111010101101011111011111111011111111011110111011111101111001001010101111111110111110111
111111110010110101101111110111001100110101111011011111111110011111111101111001010111101111011111011111111111111111111010
110111101111001111111111100011011111011101100110111111111011111101011111100101111111110010111111111010111111110101111101
110111111111111111101101111101001011011111110110110110101111111011101111011011111111111011110110111001111110011110001111
110111111010101001111110111001011111110111000111111011111110111111111111100011010111111111011010111111111110111110111101
111111111001101111110001010011111101001111111111111111010111111110111111010011011101111111101110111110111101111110101110
111111110111111111101011101111111101101111110111100110011101111011001110111010011101111110101111101101111100101111111111
111011011011111101101111101101110111101010011101011111011111111110111111101111011111111111100101011111101111011101101011
001111111111110111110111101111110111111111111110010111111100111001111010111111111001110111110110010101111110111010101111
101011101011110011111110110101110010111101111111011101111111110011111011111111111010110011111101111111011101111111100111
011111111110011010111111111000101111101111010111110111110011111110101111101111101111100110111101011111101011111110111111
101111111111111101111111011110011111101111111011110010011111111110111101000010111111110111111101100110111001101111101111
111111111101111110111111110101000111111101011111111110111011001111101110111011011110111111111011001111010111111100010111
101010101111111011111101111011111111101110010111110101111111011111111110101111011010110111110010111111110011111011111110
111110011110011011110110111111101111111111101001111111011111111100110110111101101111101011101111111111101011101011111010
111011111101100010111101011111111111111000110101111111011111101111101111110111101111111110101111111011111100000011111111
011111011111100110111110111111111001111111111001111001111101001111011011110111011111101101111100111111111101111101010111
101011001111111010110111111101111111111111111111100101111111111011100101111010110111111011111111100111100001111111110101
011111101011111101011101111110111101011101110011101010110110101100111111101101111111011111111101111110111111110101111111
111101110010111001111111111111111111111011011011111011011101111010101111010010100111011111110111111111110011111101011111
111111001011110100001111111110111111011111111001111110110101010111100001111011010111111111111111011111111111111111010111
111101111111110011011111110110111111110101111000111011111101011101001111101101001111110111111111110111111111011101110110
111111110111111111010111101111100011111011011011111110101111111111111101101111111110111111010100111011101000111110101011
111111011001110111111100011111001111011111101111101101100111011101111111110111110111111110111101010110101111110111111011
111110110011110101111110110111101011111111111110100110111101011110111111110111100101010101111101101111111011111111111101
010111111110111110011101111011111111001011011111011111101011101111101010111111101011111100110111001111111111110111111110
111111111111111111110111001111110110011101111110101111110101011111111100101011110111010111111100001110111111101110110111
111101101111110111111111010110111101111111011110111101000110101111111111011111111101011111111011001111110111101100011101
001011101111101111100101011101111011111111101111001111111110101111101111101111110111111100111101111010001111101111111111
111011110010101011011001111110010011111101111111111110111011111111111110101101111110011111111110001111110111111110110111
011111011100111011111101110111111111111101111010101101111111110111011110111110110011011110111011111111110100111110101110
111011100111111111000101111111001111101001011000111111101111101111111011111101011111111101101111110011101111111111111101
111111101101110111111111011011111111101110101111111001011111111111110110111110110011111001010110011111110011011011111110
010111111111010110111001111111010111110011110110111111110111111101000111111001111110111010111101111111011101111111111110
111110011101111111111110110101011111111001110101111111111101011111111111000110111110101111110011110111011101110111001111
101001111101110111111111110011110110111111010111101101111001101111101110101111111111111101011001111111110101110111110111
011111111101111111101101110110111111111111110011101001111110111011111100101101011111011101111101110111101101111111110100
111110101110110101111011010111110110110111111111011111111101001111101110110111011001101101101111111111101111111101011111
001111001001011111011101111111011111111110111111110001110111101011111111111011110110101111111111110011011111110110111101
111111111000111111111111100101011110111110110111100111111111000011111010110111011111011111100111111101001111111110111111
110110111011111111111110001100111100110101111111101111111111111101101100101110111011111110011011110011110110111111111111
110111110111011110111101100111001001111111111111111111101111111100111101111101111101110110111001011101101111011110111011
010011111111111011111111110111111111111100110111111011111111011011101111110101100101111110110111011010101010111111110101
111111111011100110011011111011110011111111111110010111111111010111110100110110001101111101011011011111011111111111111111
111101101011111101011101111111111011101110111111011001101111111111011101111101111111010101011101011111110011100101111111
111111111010101111111111000011111111010001110001111111111111111101011011110111100110111101111110110110111111111111111100
111010111111111010001101110111111101111100111111111111111011111001101111110111100101111011101100111011111011011011111111
111111001111111110110111101110111110111011011011111101011100111111111101011101111011101111111111111110101001111100111001
101111111001111101001110111111101011111010111100110111011111011111101111111111111011111101011111101111010101001111111011
111010111101101100111111111011101111111111101101111010111100111111111100101110111010011011011110111111111110011111111110
110101111110110101111010101111110111011111110011111111110100111110010111111101110111111110101111111110011111001111101111
110111101011101111110101111100011101101111111010111010111111111111101101011101111111010111011110111001111111111101101111
111110101001101011111101011100111111110111100111111011001101011111111111111111110111101110100110010011111111111111111111
101110111010111111101011111101011111111011101111100111111111111011000111111110111101111110101000011111011111111101111011
111100111101111111100111001111101111111110111111000111001110101111101111111111111111111110101110101100101111111011011011
101101101111011111101011111111111110111110110111111011111101111000111101110011111111110110011011110111011011111111000111
111111111011101111111111010010111111110111110010111101100011111111101111111111111010110000110011111111110111111110110110
001101011110101111111111111111111110111111100111111111110111000111101101011111011101110111101110101001110111111111110101
111111110101011111100111101111110100111111111111001101101101110110000110111111111111110111001101111111101101111111011111
111011111011111010111111010111111101010110101111011010011111111011111110111111101101001101111101011011111111011111111110
101111101110010110111111011011111111111101011011111111111010101101011111011111111011011111110101101110011111111011101011
001111001111111111001111111110101111111111111110001111101011111111110111111010111101110111110011111110010111110011111010
111101100111111110001011111101111011011001110111011110111111011111111011111010110111011111101111111011001101111111111110
111010101101111111100111111001101111001111111101111111011101100111111111110110111011101111111111101011100101111111101011
101110111111101111110111111011111111111111111011011110111111101101111110001011010110001011111110011011011011110110111111
111111011010011111111101100011111110111101011111111011101001011111111011111011010011101011111111101111111111010011111111
111101110110011111111111011011111110011110010111111111011111101111111001111101101110110011100110011111111101110111111110
011111111101011010111111111010110101111111111111010101110111011110101111011011111101111110111010111110111011111101111010
111011000111111010111111001011110011111111111111011011111111111100111111100111111011111110111111001100101011011111011111
111110101101101111111001101111111111111110101111011111111111011111111101101110110111001010011111111011110101011110110101
101111111111011100110011101101101101001111110111001111011110111111010111111111110111111111111111101101111100011110111101
101011101000011010101111010110111111111111111011101111110111111110111111010100011111010101111111111111111111111110111011
010111111011010111111101011011111110011111100111110111101111011011111111101110111111111011111001010111010101111111101111
111111111011100110101111011110111110110111101111101101111000101011111111110101111111101101101101110111111110110111011111
111111111110111110100111111101111111011111011110111010111010011111111101110101011111010111110111111100111100111011110011
011010111111011011011101011111011111111101110011110111111110011110111111101110111111011111001010011111110111011111111011
100111110111011001111111111111011101111101101111101111100111111110101111111111011011111011111010110011110111111010101011
000111110111111111011111111011110011101111111001001011110011011111110111111111011001101111111110111011101101111111011111
101111111110100111011101111111110110101111111101101010010001011111111111111011111111111100011111101111100010111111111111
101111101011001100111101111011111010101111111111011011111110111101101111101011111110110111110111111011111111111110001101
111100111111111111011011110111001111101111001011010111111101110111111111110111100111101111001011110110111111011111110101
111111111110110111011010111111111111101111000011111101111111110101110111011111111011110111101101101010111011110010101111
011111011101101111101100101110111011011111111111111100110110101010111110101101111111101111111000111111011110111111111111
101111111111101110011111111101101101110110000101101111111110110111010111111111111100111111100111111111110101011001111111
111110100111111011111111111111111111110110111001010100101010101111010111001011101101111111111111011011111010111111111111
