0111111111110110110111101101111111001111011111101110100111011111010101111111111111101111111111110101101001111111001111101111111110011110
0011111110101110111111011110011111111111100111001101011111011011111101101111110111111111111011011111011011110110111011011111111111101110
0010111101111111101111110110110111111111110111100111111101011111011110101101101111111101111111011010111010110011111111101101111111101111
1111110011101111111001011100011111011111111011111101111111110011001111111101111101110111110111111010011111100101101110111111111111111110
1111011111111111111110110011011111011100010011101111111111011111110100111110011110011111111111110111101010110111101111110111110110111111
1111111101011111011111011111111111111101110011101110011101001010010111111111011110111101110011110111111011100111111111111110111111010111
1111111101111101111111111101111111101111101101110111101101111111101001101111111100101110101111111011100111101011110101111110110111111100
1011010101111110111111101111010011111111001110111111111101110011011110111111110111111101110110101111011100111011111111011101111111101111
1110011110010111111111111010101110101100111111111101111111101111111110011111011111110110111011111101111011101011110111001111110111110111
1111110011011110110111110110111011101101101111111101111101101101111001001111111101111111111101111111111110111011110001111101111111011110
1110111011111011011110111111111110111010110110111111111100001111101111101111101111011010111101111111101111111110111110011111100010111111
1110111001111111111110001111101111010011111001111111110101011111101110010011111111110101111111111111110011110011111111101111110101111111
1001101111111111110111101110001111101110101111011010111111001111101111101111110110111111001111101110111101111111111111111011110011111110
0011110101111111111111110111101010110110101111101101111111111110111100101011110111111011111010110111011111110110100111111110111111111111
1111111101011111100111111111011111110111111101110111111101110111110111011010111111111101111111111010011110010111110011101011111001110110
1111111111101111111011101111010101111111010110110101011101101110111110110111111111111101111011101111011111110110111001111110110111110110
0110111111100111011111011011110110111101101111111111111110100001111111111111010101111101101110111111101111110111011101110101111111011111
1111010111011111111010111110011111111110110111110110111011111110101010011101011110011111011111101111011111111111111110111101011111110110
1101111101010011011011011101101011111111110111111111101111111111011101111111111111100110110000110111111110111101111111111111101011111100
0101011111110111111101001011110111101111110011111101111101111111011110110011111011111111101011111111111101111100111100101101111011111111
1111111001111111111101010101111110101111111101111100111111111111110101111110001110111110100001111111110100111111101110011111111111111101
1111111111111011011001111110111011101110110111101111111111111101101011111011111111101111001111110101111111011110110110101101011110011110
1110111101111111010010101111011011111111111100011001111111111111010110111110111110011111111111110111101110111110111111111010010110111111
1110111111111110101011101110001111101111011011111011101111100111111001111111011111101111111111111111111100111001110101000101111111111111
1111000011111111110111111011101110110101101111011101111111001011101111111111110001111111101111011101111111101101111111111110111001110111
1101111111111101101101011111101111011101110011111110011111111110110111101001100111111010111111111100111111111101110111110111010111110111
0111111110111110000111111111111111110111111011011111001111111111111110111111110111110010011110111010100110111101111111111111001100101111
1111111111011111111111111110011100111011110011111111111001110011110110110111111111111110010111011111000010111111110111101101101101111111
1110111111111111011011111110111101101111111111110101111111011110001111110111110111010001111010001111111111101011111111011111111110010011
0111111111101101011110101011111101111111011110101111011111111010111111110001111011101111101111101111110001111111111111110111111110010110
1111111101110111111111100111110111111011111111011101111111101110011100001100111011111101011101111110110111101111101111111110110111011011
1111111111011110011101111110111101110111110010011111111101111111011110110111110101001111111101010111101101111111111011111111111100001111
1011110111110110111111111011111101011110110111110111011011111111101110011111110110111111111110111111100101011001011111110111101101011111
1110001111111111111001111111101111011011110011111111111001111111100011111111010101111010110101111001110011110110111111101111111111111111
1111011011001110111101111110111011110111111011011111011111101111001100101111111111111111111100110101001111111101011111011110111111111011
1111111101110101001011011111101111111100111111111110111010111110111101111111101110110111111101101111111011111011111101111110101110110010
1111101101011110011111111101111111010110111111101001101111111011001111000110111111111111011101111110111111011111111011111101110111110110
1111111111011111100010111011111111101111101101111110110111111101110110111001100111111001110011111101110111111101111111100111011111111101
0111011110011111110111011111110110111100001110111111110011110101111101111011111111100111111110111111001101111111110111111111011011111110
1111111110110110111010111110011001101101111011111111111110101011110111111111111111101011111101011111101111111101110111011010100111111110
1111101011011111101101111101111110111111111111111111111110101111111101101111111101110111111100110111001011111111000111101001111001100111
1000111111111111111101110101011110000101111111001101111111110100111111111110111111111011110111010111011111111110111011100111111111011111
1111111111111010111111100101111111111001110101111111111011111101111110111010011101101011010110111011101111111110111111111101010101111011
1111111111111011001110111110111101110111011010111111101101111110110111011111011010101111111110111111111110111111101001110111111011101100
1110111011111110111111000111110111111110100111010111111010111110111111111110011111111000011110111111111111111001111111001111101101110111
1111001111111110011110110111011011110111011110111110011111100111110111100111010111111111111111111111001101111111001101111111011110110111
1011111111101111111001100111111110111011111110110111011111011111110001111110011111011111010111110111011111111010010011111111110101111111
1101111110111111110111100000111111111011011111100001111111110011111001101110011111111110011111111111100111111111100111111110101111111111
1111110110111011111110101111011111011110110110111101110011100110111111101111111111111111110111111110010010110111111101111101011111110011
1111101111111111011110111110111011111111010111110111111111111110110101011111010111101011101101011110110111101101111101110010110111111110
1111101110111111101110111110111111111111011111111111111111010010110110111010111111001110110101101111110110111111011011001001101111111111
0111111111011001101111110100110011110111111110101111111011010111111111111011101111011101110101100110100111011111111111111111111111111101
1011111011111111011111111111111110101011111010011011011111111101100101111111100111110000111110101111011001111011111111110111111111111101
0111110100111100111111111101111111101011111101111101101110111111110011111100101010110110101111011111111111101111111101111110110111110111
1101011111111111010111111111111111111001101101111100111110101111011010111101011000111111111110101100101011111101111111011111110111111111
1110100101111111110101110111111111110111011111011101011111011111011101111111101111011110110111011101001111111111111100011101111110101111
1111101111011001110111011011011101111111111111011001111011110110101111111101111111110110110111111101111011101110111111001111101111011101
1111011101111111011111101011101111100111111110110111110100111111011011110110011110011111010101011111101111110111111101111101111101111111
1100111111111111111101011101111111101110111101110101111111111110111101101101101011110011111111111011111101010010111101111011011110110111
1111111011010111001110111111100100010111111111001011111011110111111111111010111011101111110111101111101111010101111111111110110111111111
1111111101011110110111111101100000111111011101100100111111111100111111011111111111111101010111111111111011011111111101011110111111011011
0101101111111110011111110111111111101111011111110011111111111011001111111010111111011001111101111001011111000111111101001110111111111111
1101110111110011111010111110111101010110110111101001111111111101111111111001111010111111100101111111101111111111110011111111110011110111
1111111001111111100010111111111011111101111101111101001111111010111110011111011011010110111101101011110111111111110111111101111111110011
0111101111111111100110011111101011101111011111101111111111001111011110101111110111011111111110111111010111110101101111111110011111101100
1001010101111111101101111110111111010111111111111111011111011111011011110111111010111111100111110011101101111001111111101111111101110101
1111101111111101111011011111010111111011110110110010111110111101011111011111101110011111111111000111011101111111110011101110111101111111
1101010111111111011111111101111010011111110010111111111111111101001101111111111111110001111110011111111011011111010110110101111110111110
1111001111111110111111110111100011101111111110101110111111111001011111110111111110011011101110111110111101111111000011111110111111001111
0011111111101111100110111110111011110111111111101111111010111101001011111111110111001111111111101111101011011111110110110101111111101110
1011111111111011111101110010111110111111111010111111101101110100111111111110110111101111101111110011101111001101011101111111110110111101
1111001111111111101111110011101110011110111110111101110110110111111111110111110111001110011011111101110111100011111100111111111011111111
1011011110111001100011001111111101011111101111110111111110110111111110111110001101110111111100101111101111111111110110111111111101111111
1011101111111010001111011011110101101101101111110111111011111101101101101011111111111111111111101111011111111011011111101111011011011110
0011111111011110111111011111111111110111110111111001000101110010110110110111101011110111111111101011111111111111111111101110111110011101
1011011111111011111111100111101001111101011111101011111111001111111111101110111011111111010101111111101111101011111111111110100100011111
1011100011111111111111101110010010111101111110111111111101110110111111100111111011101011011101111011111011111111111011011111011101111011
1111011101111111111111111011100111110001110101011000111111011001111111101111011010111111111111111011111101111001111010111110111111011111
0111111111000111111101001111111111101010111111111111111101011111101111110100111100111111101110110110111111011101101111111111111010101110
1111111111011111000011111111101111111011101111100111111010110111101111101111101101110111111000111101111101101111110111111110111001111110
1111011111110011111111111110010011111110101111111110111101011111111010110111011111000101111111111001110111111010001111110111111110111111
1111110000111101011110111101011111011011111101101101101111101101111111111111001111111110111111010111111001111111111110110010111111111011
1111110111101111101111111101111111110110011011111011110111110011111011101110111111011110111111110110001111101011111000111110111110011111
1101111011111100011111111110110111010111111111111101100111111111011001111101110110111110111110101100101101110111011111111111111111101101
1101111110111110111100010111101011001111111001111111101011111111111110110010111111111101011111101111111111101101110101011110101111111111
1101011111111111111110111100111111101111011101101001110111010110111111111110011110110111111111111011111011111011110011111110111101010011
1111011111110101111011101011110101101101110100101001111111111111110101101111111110111111111011111101111100101101111111111001111011111111
0111011101111110011111111111111111100100011111110011111111111011101101111111011111011011111111111010111100101110111111010110111110111011
1111000011111011101111111101011111110011110100011011111101111111111111111111011111110011100111011110100111111111101101111110111110111111
1010111001111111001110111101111110111111111101101101011111011111111110011111110111110111111111011110110111101101110110110101111011101111
1111101111111011111101011001111001110101111011111101110111101111111111010110111011111111110110110101111111110011101101110111111111011011
1110101011010111111101111101101101111101111111101111111011111111111000010110111011111111110011101111111111110011100111111110110111110111
0111111110111101011011111111111111111110111111110111011110111111001111001111100111101011111111111101001101011101111111011110110110111001
1111110110111111010110111111111111111111111111111100011111101110111010111101110110111010111101111001000101111101111111101011111101101111
1111110111011111110111101101111111101110110011111111111101110011111110111111111010110110111101101111111100011010101111001011111011111111
1111111111011110101110111100101011111111000111001111111111100101111111110111111111011111111110111110111011111110111010011111111110110100
1110111110101111111111100110011111110101101111001101011111011111111110111111101110111111111111111101111011101111101111110011101011100101
0111100111111101111111011011111111111111010000001011011111110100111010111101110111111100111111011111111111011111111110101111101111111111
1111011111101110110111011111111110101100111011110111010111101111101111110011111111001111111011101110110100111110111111011111111011111101
1011100101100111111111101111101101111111110111110110111111011100101111111111111011010011111011011111011110111111111110111111011011100111
0111111111111111111001011111111110110111110111011111111110010101001111111101111011101111101110111110110111011111110010111110101101011111
1011110111110110111101111101101100011101110110111111001111111111111110110110101111101110111111101111111111110111011101110110111011101111
1111101111111011101100101011011001111111110111111111100111111011100111101111110011111111111011110111101111111111111101010101111101010111
1111111011011100101011011110011101111101111110101111111101010111101111111111111001111011111111111111011011111110100111111110110010111111
1110101111111110111110111111011111001111101110101011111011011101110111101111110111111011111110111110111011110111111100111110011010101111
0100111101111101111111110111110111100110110111011111111011101011101011110100111100111011111101110110111111111111111110111111110111111011
1111110111111110111101001111110011111111110101110111100111011011101111111101111010111100101001111011111111011110111111111111001111111011
1110011111011110100111111111111111101011011111011100111111101110111111100111101110011111111111111011011011111111101011011111111100101011
1011111100111011101110111111011111111111111000111111111110111111010101111111110111011111001011101111111101101111111011100110110100111111
1111110111111111011111110111110101111111110111111111001101101100011101111111101110011111011100011101111111111111110100111111111111100001
1111101111010101111111111101111101110011111011101111110111101111010111111111010100110111011111100111111110111000111111110111111111111010
1111100111111001111110101111101111000111110111100111111011111111110111101011111111101111111110101111111111100110111111110101111001011101
1111111110111011111101111100001011111111011111111110111011101111111101110101010111001111111111111101110111110110011011110111011111111100
1111101001110101110011111111110111011101111110111000110111111111011101011111111110111011111011111110111111111101111111010110111001110111
0001111111111101110111111111111111101011010110011111011110111110101111010111111110111111011110111101111010111011110011111011111101101111
1111111011111111111101100101110111011111101011111111101111111010111011011101110110111111111011111110111011011110101010101111101111011110
1111111110001111111111111101111011100111111010111101111010111111011111110110011110110111101111111011111111111100111111010111101100101011
1111110111010011111100111011110111111110111111101100111011101011111111001110111111111100111101101111111110111110101111111111111101110100
1111011110101110101011111111110111001111011110110111111101111100101010111111101111110111111111110010100111111011111111111111001111111011
1011111111100111011110011100110110111011111111101011100011111110110110101111111110111111111101011111111111111110100101111110111111111101
1111110011111100000111111111101111110111111111111111001111111101111110001100111101011110111111111111101111110101111111011100110110111011
0100111111001111111011111111011111111111111101111101111101111111111101011110011111010111111111111100110011111011011001111111111110100001
1101111111110111001110111101110111011010111111111101111111110101111111111110110111111101011111110101011011110111001110110111011101111101
