101101011111111111110001111111100101111111111011111110110111101001111011111111111101011100111111111011111111110101011001010111111111110111111111110011111
100110110111111111010000000111111111101110101111011111111011111011101111111111111011110111111111111111111110111110011111011111111110111010101110111101111
101111111101111111111111111111111101001111111010011110111110011111111101111101110011101101110111011101110111011111011110001100111010111111111111101111111
111111011100110101111111110111111110111101001110101110111110111111110111001101111111111111110010101011110111111101101110111100111011111111111011111111111
100111111111110111110111110111110111111101110111011111101111111010111110111101111011111111011111110111101111111111101111001011111011101101000011111110101
101011101111101110101111101011111011011111111110011001111101011111111111111111111110111011110000111111111111111101111111111111100011011101111111101111010
110110011111111111111111101110110111111111110011011111111101101110011011011110111110111111011111101111011011111111110111101001101111111001111001011111111
110111111111110111111110111101111101011111011111111111011011010101111110111111111111001110111010111101011011010010011111111110111111101111011011111101111
011111011111110111010110011111110111110101011111011111110111110111111101000011110111111111111100111100110111111111101111110011111111101111111010111111111
110011100111111111111101111111111111001111111011110111111001111111111110110111101110101111101111111111111110110101101110001111101110110111111101011011011
111111110110101110110111010111111111111111101110111111110011011110111111010111111110110110101111110111111111111110111011111100111101001011111111111011010
101110111011111010110111011111101111111111101011111000111011111011011001111111101011111111101101111110011111111111110101111111110111101011101111110111111
111111011110000111111111111000111111101001111010011011111111100111110111111011111011111111001111011111111111111111111111111011111111101011111001100110111
111111100101010111111011110011111111101011111111110000101110111111101111111101010111100111111111111111100111101111101111111111100111111111110111110011111
111100111111111111110111011111110011111111111011101110101111111110001111111111111111101101011111010111101111110110111110011111110011111101111011001110101
110111111011101011111111011011101111011111111011111111101110111111110111110111111111111111010111011101110110011111110011110111111111010101011110100011111
111110111011011111001111011101011001111011111111101111000111110111111011111111111110010011101101111011011111011111101111111101111110111111111111110111110
110011111011111101111110101111101111101101111111111110100101111000011010111101111111111111111110011111111110111101111111011111101111101111011101111001111
011110111011111111110101111011111111111111111111011011110101100110111111101011110110111011111110111111111111111011011110101101011011111100111110110101111
101011010111111101111111001110110111111111111101111111111001011111110011111111101110101111111011011111010111111110111111010110011111110011010111111111111
011111111011011111101011111111001101111001111011111001101111111111111100111111110011110000110111111111100111111111011111011111111111111011111011101110111
111111000110111011110111111011110111010011101101011011111110111110111011100111101111111111101111111101111110110111111111111101011111111110111111011100111
111111111111111110111101110111111110010111111111011100111111110011111011101101111110111111011111111111101110111111110101111100111110100011010111111110100
110111111111111011101111111011111111001101111111111100111101111110111110001011111111011110111111110111110101111111111001111101010011110101111010111110111
111111011111100111111110111111100110001111111111111111110010110101110111010111111111101111011111111101111111101101011111111011011110101111111010111101011
001101101111111111101111111111111101111111110011011011011111100110110101101111111011110110111111101111100111111111011101111110100111111110101111110111111
011011110111011110111111101111110111001111011111111111011111100111111111000111100111111111111011111111111001101111110011110111111101111110110001111110111
100100111111111101111110111001011111111111111111111111111111111101111111110100111011111111011110111111111001010110111011011010111111001011111101110101111
011111111111111001111111111010111111111101111100110101110111110111011110011010100111101111111001111111011010011111011111011111011011111111011111111111111
111101111110110100101111111111111011111111000110101111111111011110111100011111110101111111101011111011101011110111101111101110110011111110111111111111111
111101101011010011111110110001101111001011110111111111011101011101101010111111110011111111011111101111111111111111110011011010111111111111111111111111111
110111110101111011110011011111111111111111101110111111010001110001111011011111111111110111011001111110110111101111111111111110111111111110111011111011001
100111111111110110110111111111111111111110101111011011111111111111111001111010111111110010110011111111111000110101111111101010001111111011111010111111111
011111111011101111110111111101111111111001111010100101111111111101111110011111110111011111111100101011111111101111101111111111001111101100110011111101111
111100111111111011110111010011000111110010011111110111100011111011111111001110101111111111111101110010011111111111111111111111111101110111111111101111111
110110111111101110101000110111111111111101111110111111110011111111111001101111101111100111011110111111111111101111101101111111100111010101110111111111011
110111011011101011101011101111111110111011101101111101111111110111011111111101111111110111111000110111001111000111111111101111111111011111111111111110001
111101011111111111011111111101010111011111101101011111101111110100111011111111111111101111011111101100111111010111101011111101001111011011111110111011111
000011111101111111110111001110111111111111110111111011111011011110111111111110111111000011101111101111011011110110111101011111111110111111101111111001111
101111101111001111111111111101111111011101111101101111101101110111110110111111111011101101101111110111011111001111011111111001101111011111001111011111011
111110110101101111110110111111111111101011101100011111001111111101111011101111101011101111111110111101111111111101110111111111101011111010000111111111111
011011011111111111111111111111110111101110011101011011111001101111011111011111111110001011111111011101111111011111111111101011100101101011111111111111100
110111011111111111101110111011111111011010111101111111100110111101111111110011111101111101011101111111010111011111110111110111101011110111011111110011101
011111101110101110101111011111111110111110111001111101011111101111111101111111111001111110010110010111111011111101111111111100111111101110111111011101111
110111101111110111011111111111110111111000111101110111110111111011110110111111100111010111111111011001111101111111111111101101001111001111111011011111110
110111110111110110110111011010011011111110101111011111110101111111111101111110100111111110111100111101111101111100111101111111111011011111111111101111011
111011101111011111100110110100111101110111111111111111110001111101111111001011101011111011111011101111111111111111011001111111111110111011111101111011110
101011111111101111101110111111011110111111011111111100111111101111100111101011111101011111011111110011111010111101101111101011011111110010111111111111110
101101011110111111110111111011101011011011111011111101111111001101101111111010011110111111111111101111111110101111011111111101011111111001101111011101111
011111111111101101001100111011111111100011111101111111111011111111001111010110111111101111111110111111111010111111011101101110111111111011111011110101110
111110111101101111001110111110101010111111111110111011001111111011011101011110011110111111011111111111111101110111010111111111110101101111110111110111111
101011111111011110111101110111111111111011011110111101111101111111111110111101111111110011101111111011101011110011110101101011101111101111111010111011101
111110111101111010010111011111111111111100111111111011101011010011101111011111111111110011111101110111011111101110110101001111101111011111101111111111111
111111111011101011011111101111111111011111101011011111111111010110111111011111011111101111010111010111101100110110111011011101111011011111110101111111111
011111101111010111111111111111101101101100111111001111111111101110111110111111110111101010101011101111111001100011101011111111111111111111111110111101110
111001111101111111011111101001111111011111101111101111111110011101101111111101101111111101111101111011111001111101001111111100110101011111110111111011111
110111111011111111101111111111111111011010011111111111111010111110111111010011011101110111111101111101111011111011101011111011010111110011111101111110010
111111010011011110111101011111111111010111011111111010111110110011111111111101101111110111111011110111111101010111110110111111111111111011011101101010111
001111001111111111111111011011111111111011110111110111111100111100110101111110110010111011101111101011111111111111111011111110111001111111111111101100101
110111101111111011111111000010111111111110111001101111110110101010011111111011110111111011111111101011110111101111111111111101111111101110011111001111111
011011011110111011111011110111110111110110111111111110111010101111111111110011110111111010111011111111111111011111011110101110111111011101111111111010010
111101111011100101011111110110100110111101111110101011111110111111111101111111111101111101110110111011101111111111100110111101101101011111101111111111111
111011011111111111111111001101111110011110111110011111111011111110101011111100111111111110010110111100111111111100110111111111111111101111011001111001111
110110111101110101101111111101011111111111011001101111111011011001110111111110011111111101110111110101111100110101111111111101111111011111111101111110111
111111100011111111111111001001111111111110110101101110110111101111011101011111101111001111101111011001101110111111111111101111110111111111111111101010111
110111011111110111101111111111110101111011011011111111011111111111101100111111101111100001111011001111111111011011011111111101111011001010111011111111111
111111011111111001101111110111101010111111111111111110111111100111111011111011110111101111111100111101101111111111100011111111110101110110110011000111111
111111011011111111100101101111111101100110101111111011110011011111011111101111111001111111101011111111111110101111101101011111101111111101110111011111101
111011111111011111110101110111111110100010011101111011111011011110011111111111111111111111100110111111110011101111111111110110110111111110111101011111001
011101111111111111111111111101011101001101111111011111111101111111111011111111001111111111110100100111011001111101111110110111110101001001111110111111111
111101100111101111111111111001111110111111111111011101111101110101011101101111110011011101111011110111111111101111101110111110101111111100111111011100111
110111110110101011011111111111100111111111111011110001111011111111111101111111111111110111111101011001110010101111101111111111001111001111111110100111111
110110111111111111100111111110110111111101111101001011111100111110111111101111110111111100011011110111011111110111111101111110011111111101110110011111011
101111111011011101001111111011010101111111111111111100111111111110101100111111111000111110110100101111100111111111111011011111111111010111111111011111111
111110100101011011111111101111011011101111111111111111111001110100111101111011101111111111111101111111011011101111110111111100010111111011111011110101111
110111111111010110111111111011110000101111111011111101111111011011110111111111101110110111110010011101110111011111011111011111111011111101111111111011101
110110111001111011111111000001101111111111111111101111111111111010111001111010101011111011111101110111101111111111111111110111110011110111111110111110011
111011011101111111110100111111111111110111101111111111000101111011111111011111101010111011101111011111101111101011111011100011111111111011110111101110111
010111111100111111101011111111101110110111111110101110011111101110111110111111111110111110001100111111110011110001011111111011111111111111111111101101111
111111011011011111110011111001111110111111100101111111011011110111110001011110111111110110111110111111111101011010111101111100110111111111111011111111111
111011111011110101011111110111110101101111001011111111111000011111011110101111111100011111011111101011111111011110111011111101111111110111101111111111111
111110111111101110111101111111111111110111111011101100001101111111111011001111111001110111111110110111110011111101111111111011011100011110101111011111111
010011101111111111110111111111011111001111111111110111111011111111011001111110111111101111111111110111111100011110011101111011111101110111110111000100111
110111111011111111111111111111001111111010110110010110101111010111111001111111101110111111111011100110101111111110111011111110111111111111111101001101110
111111101011111111111011111111111111011111111011111101101111111110111011010110111011110111010101110111010111011101111100111001111000111011111111111110111
011111111111111111101110111011110101111011111101101010111111111101101111111011101111111101101111101110111101111111101101111101011101000111111111110101011
111110101111010101011111110001111111111010111011100111111101111111111101010101111001111111111111011111110110111110111110111101111101111101101011111111111
111011011111101111111111111101101011111011111101110111111111111111111001111101100111111001111011011011011011011111111101001101111011111111111011111001110
111110011111100111110110100101110101101110111101111110011111110111011011111111111111111111011111001001111110111111011101111111111111111111010110111101111
111011111110011111111001111111110111101111100111111101111110111111111111011011101111011110101111111001111011100110101111011101101110111111111111011011110
111111000111101110111111011011110111101111110101111011110101111111101111101111111101111011011011111110111111111101111011111110110110011111111011110011011
111011111111110001111101111011110111011001111111111111111010100111101011111111011111111101111111111010110001101111011111111101111111101110011110111110111
101101011111111111110001111111100101111111111011111110110111101001111011111111111101011100111111111011111111110101011001010111111111110111111111110011111
100110110111111111010000000111111111101110101111011111111011111011101111111111111011110111111111111111111110111110011111011111111110111010101110111101111
101111111101111111111111111111111101001111111010011110111110011111111101111101110011101101110111011101110111011111011110001100111010111111111111101111111
111111011100110101111111110111111110111101001110101110111110111111110111001101111111111111110010101011110111111101101110111100111011111111111011111111111
100111111111110111110111110111110111111101110111011111101111111010111110111101111011111111011111110111101111111111101111001011111011101101000011111110101
101011101111101110101111101011111011011111111110011001111101011111111111111111111110111011110000111111111111111101111111111111100011011101111111101111010
110110011111111111111111101110110111111111110011011111111101101110011011011110111110111111011111101111011011111111110111101001101111111001111001011111111
110111111111110111111110111101111101011111011111111111011011010101111110111111111111001110111010111101011011010010011111111110111111101111011011111101111
011111011111110111010110011111110111110101011111011111110111110111111101000011110111111111111100111100110111111111101111110011111111101111111010111111111
110011100111111111111101111111111111001111111011110111111001111111111110110111101110101111101111111111111110110101101110001111101110110111111101011011011
111111110110101110110111010111111111111111101110111111110011011110111111010111111110110110101111110111111111111110111011111100111101001011111111111011010
101110111011111010110111011111101111111111101011111000111011111011011001111111101011111111101101111110011111111111110101111111110111101011101111110111111
111111011110000111111111111000111111101001111010011011111111100111110111111011111011111111001111011111111111111111111111111011111111101011111001100110111
111111100101010111111011110011111111101011111111110000101110111111101111111101010111100111111111111111100111101111101111111111100111111111110111110011111
111100111111111111110111011111110011111111111011101110101111111110001111111111111111101101011111010111101111110110111110011111110011111101111011001110101
110111111011101011111111011011101111011111111011111111101110111111110111110111111111111111010111011101110110011111110011110111111111010101011110100011111
111110111011011111001111011101011001111011111111101111000111110111111011111111111110010011101101111011011111011111101111111101111110111111111111110111110
110011111011111101111110101111101111101101111111111110100101111000011010111101111111111111111110011111111110111101111111011111101111101111011101111001111
011110111011111111110101111011111111111111111111011011110101100110111111101011110110111011111110111111111111111011011110101101011011111100111110110101111
101011010111111101111111001110110111111111111101111111111001011111110011111111101110101111111011011111010111111110111111010110011111110011010111111111111
011111111011011111101011111111001101111001111011111001101111111111111100111111110011110000110111111111100111111111011111011111111111111011111011101110111
111111000110111011110111111011110111010011101101011011111110111110111011100111101111111111101111111101111110110111111111111101011111111110111111011100111
111111111111111110111101110111111110010111111111011100111111110011111011101101111110111111011111111111101110111111110101111100111110100011010111111110100
110111111111111011101111111011111111001101111111111100111101111110111110001011111111011110111111110111110101111111111001111101010011110101111010111110111
111111011111100111111110111111100110001111111111111111110010110101110111010111111111101111011111111101111111101101011111111011011110101111111010111101011
001101101111111111101111111111111101111111110011011011011111100110110101101111111011110110111111101111100111111111011101111110100111111110101111110111111
011011110111011110111111101111110111001111011111111111011111100111111111000111100111111111111011111111111001101111110011110111111101111110110001111110111
100100111111111101111110111001011111111111111111111111111111111101111111110100111011111111011110111111111001010110111011011010111111001011111101110101111
011111111111111001111111111010111111111101111100110101110111110111011110011010100111101111111001111111011010011111011111011111011011111111011111111111111
111101111110110100101111111111111011111111000110101111111111011110111100011111110101111111101011111011101011110111101111101110110011111110111111111111111
111101101011010011111110110001101111001011110111111111011101011101101010111111110011111111011111101111111111111111110011011010111111111111111111111111111
110111110101111011110011011111111111111111101110111111010001110001111011011111111111110111011001111110110111101111111111111110111111111110111011111011001
100111111111110110110111111111111111111110101111011011111111111111111001111010111111110010110011111111111000110101111111101010001111111011111010111111111
011111111011101111110111111101111111111001111010100101111111111101111110011111110111011111111100101011111111101111101111111111001111101100110011111101111
111100111111111011110111010011000111110010011111110111100011111011111111001110101111111111111101110010011111111111111111111111111101110111111111101111111
110110111111101110101000110111111111111101111110111111110011111111111001101111101111100111011110111111111111101111101101111111100111010101110111111111011
110111011011101011101011101111111110111011101101111101111111110111011111111101111111110111111000110111001111000111111111101111111111011111111111111110001
111101011111111111011111111101010111011111101101011111101111110100111011111111111111101111011111101100111111010111101011111101001111011011111110111011111
000011111101111111110111001110111111111111110111111011111011011110111111111110111111000011101111101111011011110110111101011111111110111111101111111001111
101111101111001111111111111101111111011101111101101111101101110111110110111111111011101101101111110111011111001111011111111001101111011111001111011111011
111110110101101111110110111111111111101011101100011111001111111101111011101111101011101111111110111101111111111101110111111111101011111010000111111111111
011011011111111111111111111111110111101110011101011011111001101111011111011111111110001011111111011101111111011111111111101011100101101011111111111111100
110111011111111111101110111011111111011010111101111111100110111101111111110011111101111101011101111111010111011111110111110111101011110111011111110011101
011111101110101110101111011111111110111110111001111101011111101111111101111111111001111110010110010111111011111101111111111100111111101110111111011101111
110111101111110111011111111111110111111000111101110111110111111011110110111111100111010111111111011001111101111111111111101101001111001111111011011111110
110111110111110110110111011010011011111110101111011111110101111111111101111110100111111110111100111101111101111100111101111111111011011111111111101111011
111011101111011111100110110100111101110111111111111111110001111101111111001011101011111011111011101111111111111111011001111111111110111011111101111011110
101011111111101111101110111111011110111111011111111100111111101111100111101011111101011111011111110011111010111101101111101011011111110010111111111111110
101101011110111111110111111011101011011011111011111101111111001101101111111010011110111111111111101111111110101111011111111101011111111001101111011101111
011111111111101101001100111011111111100011111101111111111011111111001111010110111111101111111110111111111010111111011101101110111111111011111011110101110
111110111101101111001110111110101010111111111110111011001111111011011101011110011110111111011111111111111101110111010111111111110101101111110111110111111
101011111111011110111101110111111111111011011110111101111101111111111110111101111111110011101111111011101011110011110101101011101111101111111010111011101
111110111101111010010111011111111111111100111111111011101011010011101111011111111111110011111101110111011111101110110101001111101111011111101111111111111
111111111011101011011111101111111111011111101011011111111111010110111111011111011111101111010111010111101100110110111011011101111011011111110101111111111
011111101111010111111111111111101101101100111111001111111111101110111110111111110111101010101011101111111001100011101011111111111111111111111110111101110
111001111101111111011111101001111111011111101111101111111110011101101111111101101111111101111101111011111001111101001111111100110101011111110111111011111
110111111011111111101111111111111111011010011111111111111010111110111111010011011101110111111101111101111011111011101011111011010111110011111101111110010
111111010011011110111101011111111111010111011111111010111110110011111111111101101111110111111011110111111101010111110110111111111111111011011101101010111
001111001111111111111111011011111111111011110111110111111100111100110101111110110010111011101111101011111111111111111011111110111001111111111111101100101
110111101111111011111111000010111111111110111001101111110110101010011111111011110111111011111111101011110111101111111111111101111111101110011111001111111
011011011110111011111011110111110111110110111111111110111010101111111111110011110111111010111011111111111111011111011110101110111111011101111111111010010
111101111011100101011111110110100110111101111110101011111110111111111101111111111101111101110110111011101111111111100110111101101101011111101111111111111
111011011111111111111111001101111110011110111110011111111011111110101011111100111111111110010110111100111111111100110111111111111111101111011001111001111
110110111101110101101111111101011111111111011001101111111011011001110111111110011111111101110111110101111100110101111111111101111111011111111101111110111
111111100011111111111111001001111111111110110101101110110111101111011101011111101111001111101111011001101110111111111111101111110111111111111111101010111
110111011111110111101111111111110101111011011011111111011111111111101100111111101111100001111011001111111111011011011111111101111011001010111011111111111
111111011111111001101111110111101010111111111111111110111111100111111011111011110111101111111100111101101111111111100011111111110101110110110011000111111
111111011011111111100101101111111101100110101111111011110011011111011111101111111001111111101011111111111110101111101101011111101111111101110111011111101
111011111111011111110101110111111110100010011101111011111011011110011111111111111111111111100110111111110011101111111111110110110111111110111101011111001
011101111111111111111111111101011101001101111111011111111101111111111011111111001111111111110100100111011001111101111110110111110101001001111110111111111
111101100111101111111111111001111110111111111111011101111101110101011101101111110011011101111011110111111111101111101110111110101111111100111111011100111
110111110110101011011111111111100111111111111011110001111011111111111101111111111111110111111101011001110010101111101111111111001111001111111110100111111
110110111111111111100111111110110111111101111101001011111100111110111111101111110111111100011011110111011111110111111101111110011111111101110110011111011
101111111011011101001111111011010101111111111111111100111111111110101100111111111000111110110100101111100111111111111011011111111111010111111111011111111
111110100101011011111111101111011011101111111111111111111001110100111101111011101111111111111101111111011011101111110111111100010111111011111011110101111
110111111111010110111111111011110000101111111011111101111111011011110111111111101110110111110010011101110111011111011111011111111011111101111111111011101
110110111001111011111111000001101111111111111111101111111111111010111001111010101011111011111101110111101111111111111111110111110011110111111110111110011
111011011101111111110100111111111111110111101111111111000101111011111111011111101010111011101111011111101111101011111011100011111111111011110111101110111
010111111100111111101011111111101110110111111110101110011111101110111110111111111110111110001100111111110011110001011111111011111111111111111111101101111
111111011011011111110011111001111110111111100101111111011011110111110001011110111111110110111110111111111101011010111101111100110111111111111011111111111
111011111011110101011111110111110101101111001011111111111000011111011110101111111100011111011111101011111111011110111011111101111111110111101111111111111
111110111111101110111101111111111111110111111011101100001101111111111011001111111001110111111110110111110011111101111111111011011100011110101111011111111
010011101111111111110111111111011111001111111111110111111011111111011001111110111111101111111111110111111100011110011101111011111101110111110111000100111
110111111011111111111111111111001111111010110110010110101111010111111001111111101110111111111011100110101111111110111011111110111111111111111101001101110
111111101011111111111011111111111111011111111011111101101111111110111011010110111011110111010101110111010111011101111100111001111000111011111111111110111
011111111111111111101110111011110101111011111101101010111111111101101111111011101111111101101111101110111101111111101101111101011101000111111111110101011
111110101111010101011111110001111111111010111011100111111101111111111101010101111001111111111111011111110110111110111110111101111101111101101011111111111
111011011111101111111111111101101011111011111101110111111111111111111001111101100111111001111011011011011011011111111101001101111011111111111011111001110
111110011111100111110110100101110101101110111101111110011111110111011011111111111111111111011111001001111110111111011101111111111111111111010110111101111
111011111110011111111001111111110111101111100111111101111110111111111111011011101111011110101111111001111011100110101111011101101110111111111111011011110
111111000111101110111111011011110111101111110101111011110101111111101111101111111101111011011011111110111111111101111011111110110110011111111011110011011
111011111111110001111101111011110111011001111111111111111010100111101011111111011111111101111111111010110001101111011111111101111111101110011110111110111
