1011111001111111111110111111010110111100111111011111111110111111111000111011111111111011101111001011111111111110011101111111111111001001111100100111011111111110111110100111011111101111111111
1111111110111011011011111111111111111011110111111001110001111110011111111101101101110110011111101101111111101101111010110111111111111011111011111101111111111111000011011101101111011011111111
0101111111011101111011101101111111111111111100111111011111101111111001111110111111110011101011111111111111001101010101111100111100110110110010111111111011111101111111111111111111101011111101
1011110110011101111111110011100100011110011111011111101111011011011111111110100110110111101111110111110111111111111111111100111111111111101011010111111111101110111111111111101101111101111111
1101101111110111010111111111101010011011011111101111011010111111111111111011111111111110110110111011111111101111111110111001111011110111011100011011100111001111111111111111111111111100101111
1011111110001101111011101111101111111111101111111111100111111011111111110110110101011111011111101110111111101111111101110111111110111100101111101111110111111110111111111010110111010101111100
1001101111111111111101101111011111111100101111111111110111111111011111111010111111111011111100111011110111111010101011011111111111111010111111011111111101101100111111010101111110110100111011
1011111001111111111110111111010110111100111111011111111110111111111000111011111111111011101111001011111111111110011101111111111111001001111100100111011111111110111110100111011111101111111111
1111111110111011011011111111111111111011110111111001110001111110011111111101101101110110011111101101111111101101111010110111111111111011111011111101111111111111000011011101101111011011111111
0101111111011101111011101101111111111111111100111111011111101111111001111110111111110011101011111111111111001101010101111100111100110110110010111111111011111101111111111111111111101011111101
1011110110011101111111110011100100011110011111011111101111011011011111111110100110110111101111110111110111111111111111111100111111111111101011010111111111101110111111111111101101111101111111
1101101111110111010111111111101010011011011111101111011010111111111111111011111111111110110110111011111111101111111110111001111011110111011100011011100111001111111111111111111111111100101111
1011111110001101111011101111101111111111101111111111100111111011111111110110110101011111011111101110111111101111111101110111111110111100101111101111110111111110111111111010110111010101111100
1001101111111111111101101111011111111100101111111111110111111111011111111010111111111011111100111011110111111010101011011111111111111010111111011111111101101100111111010101111110110100111011
