0011111110111110111111011011111011101110111011111111100011111101111111111111111101100111111111101111111101101110101110111101111111101111111001011110101101111111100111011110111111100111111111
1111111111111011111111101011111101111100111010111101110111100011111011101111111011111111111111011010101101111110111011111101110111110111111111101111111110100011101110111111111110110111111010
1110010011111110111111111000111010111111111110011111010101111011110101111111111111111111111000111110011101101011111110111111111111111101111111010111101011101110111110111111111010111111111111
1011111110110111111111010111101011111101101011111111111111011111110111011111101110111011101111111111111011110100011110111111011111111001011110111111011011111111111111001010101011111101111111
0111111111111111011100111011111111100111111011100110111010111111111111110111111111111111011001101110111101111110110111111101011101111111111111101001101011111101101111111111101011110101011111
1111101111111101101110111111001111111111111111111101110110111111111011011111111100111011101110111101111011111111100111110111110001111111100111101111101101110011011111110111011111111110001111
1011111010111110110111101111111111001111011111101111110110011110110110111101011111111111110011111011110111111111111101111011011111011011111011111011011111101111111101110101111111110011101111
1111111110111101111101111111111111101111011111110100111111111011111111010111111011111110111111011011010101101111010111110111111101110101011100111011011111101111111010011000111111111111111111
1110111011111101111111011110011111111011111111111111010101110111111011111101011111111100111110111111111010111111110111111110011011101010110111111101111101111101011001111111110111010101111111
1110111111011011111101011101110011111111111101111101101111010111111110001001111111011101101111011101110111111111001111111111111111101111011111111110111101111110011111101111111101111111011100
1010111111101111011011111111111101101110111110111111110010111111111011111110110110111011111111111110111111111101111100111110111011111101101100110111111101010110011111111011111011111111011110
1111011011111011111111011111111101100110111110111111011101001110111011101011110011111111011111100111111011110111111111011111101111101111101111101111101111110110111011011101110111111011111111
1111001101111110111001001111111111011111101111011111011111111111011101111110110111011111110111111001111111001101111111111110101111101111110111111111111110010010110111111101111111111110101011
1101111111111011111011101111111011110111111100111111011111110100111011101111011011111111110111111001011111110111101001101111111010111111111111010111101111111101111111111100101011011111110111
1111111110011111111111111101110011101111011111100111001110111111111011101010111011110101111111111111111111111111111101110101011111101010011101110111111101100110111011111110111101111011111111
0011110011111101111101111101110111111111111111111111101011110111111111101111111111100100110111110100011101101111111111110111011101101111111111100111101111110111111110101111100100111111111111
1110111110111011111111110111111101011111101110110110110111111111111111111111010101110111101001101111011011001110111100111111111011101010100111111111111011011111111011111111111111111111011110
1111111111111011101111101011101111111111111111000111011111011111101001111011111111101101111110111110111011111111101110101011101111111111011011101111111101101101101101111111111001111111001110
0011111111011011111111110111111111111111001101111111111101111111011011110111111100110101001111111111101111111111111001111111101011011111000110011111110110111011111111111111101001111101111011
1101001110110111111111101110110111110110111111110111111111011111110110111111001110101110111111011111101111111111011010111111011111111110110111110101110101111111101111011111111110111111011100
1111111111101111111111111011110011111111011100011111110111110011111111010011100001011111011111101111111110111111111011111110011111101001110111111111110111111111111111101111100101010111011111
1111111011010001111010111101111111111110110111111110111111111111010111111011111111110101001111111110111111111110111011111101011011111111010111111111110110111111111110110110110111101101101010
1111111111001011111111001111010111111111101111111111011001100110011111111101110011111111111111111011011111111001111100011111111011111111101101010111110101111110001111111110111110111111111111
1111111111111101101011111111100111011110011111111111101110011110111001011111101110110111110111111111101110111011111111001111111110011111101010110110111011011111101111111011111110011111111111
0111111111011111111111111101111111110111111111111110100011110101101111101111111110101101010101111111100111111111011111110111011111110001111110111110110111110101101011111011111110010111111111
0011111110111110111111011011111011101110111011111111100011111101111111111111111101100111111111101111111101101110101110111101111111101111111001011110101101111111100111011110111111100111111111
1111111111111011111111101011111101111100111010111101110111100011111011101111111011111111111111011010101101111110111011111101110111110111111111101111111110100011101110111111111110110111111010
1110010011111110111111111000111010111111111110011111010101111011110101111111111111111111111000111110011101101011111110111111111111111101111111010111101011101110111110111111111010111111111111
1011111110110111111111010111101011111101101011111111111111011111110111011111101110111011101111111111111011110100011110111111011111111001011110111111011011111111111111001010101011111101111111
0111111111111111011100111011111111100111111011100110111010111111111111110111111111111111011001101110111101111110110111111101011101111111111111101001101011111101101111111111101011110101011111
1111101111111101101110111111001111111111111111111101110110111111111011011111111100111011101110111101111011111111100111110111110001111111100111101111101101110011011111110111011111111110001111
1011111010111110110111101111111111001111011111101111110110011110110110111101011111111111110011111011110111111111111101111011011111011011111011111011011111101111111101110101111111110011101111
1111111110111101111101111111111111101111011111110100111111111011111111010111111011111110111111011011010101101111010111110111111101110101011100111011011111101111111010011000111111111111111111
1110111011111101111111011110011111111011111111111111010101110111111011111101011111111100111110111111111010111111110111111110011011101010110111111101111101111101011001111111110111010101111111
1110111111011011111101011101110011111111111101111101101111010111111110001001111111011101101111011101110111111111001111111111111111101111011111111110111101111110011111101111111101111111011100
1010111111101111011011111111111101101110111110111111110010111111111011111110110110111011111111111110111111111101111100111110111011111101101100110111111101010110011111111011111011111111011110
1111011011111011111111011111111101100110111110111111011101001110111011101011110011111111011111100111111011110111111111011111101111101111101111101111101111110110111011011101110111111011111111
1111001101111110111001001111111111011111101111011111011111111111011101111110110111011111110111111001111111001101111111111110101111101111110111111111111110010010110111111101111111111110101011
1101111111111011111011101111111011110111111100111111011111110100111011101111011011111111110111111001011111110111101001101111111010111111111111010111101111111101111111111100101011011111110111
1111111110011111111111111101110011101111011111100111001110111111111011101010111011110101111111111111111111111111111101110101011111101010011101110111111101100110111011111110111101111011111111
0011110011111101111101111101110111111111111111111111101011110111111111101111111111100100110111110100011101101111111111110111011101101111111111100111101111110111111110101111100100111111111111
1110111110111011111111110111111101011111101110110110110111111111111111111111010101110111101001101111011011001110111100111111111011101010100111111111111011011111111011111111111111111111011110
1111111111111011101111101011101111111111111111000111011111011111101001111011111111101101111110111110111011111111101110101011101111111111011011101111111101101101101101111111111001111111001110
0011111111011011111111110111111111111111001101111111111101111111011011110111111100110101001111111111101111111111111001111111101011011111000110011111110110111011111111111111101001111101111011
1101001110110111111111101110110111110110111111110111111111011111110110111111001110101110111111011111101111111111011010111111011111111110110111110101110101111111101111011111111110111111011100
1111111111101111111111111011110011111111011100011111110111110011111111010011100001011111011111101111111110111111111011111110011111101001110111111111110111111111111111101111100101010111011111
1111111011010001111010111101111111111110110111111110111111111111010111111011111111110101001111111110111111111110111011111101011011111111010111111111110110111111111110110110110111101101101010
1111111111001011111111001111010111111111101111111111011001100110011111111101110011111111111111111011011111111001111100011111111011111111101101010111110101111110001111111110111110111111111111
1111111111111101101011111111100111011110011111111111101110011110111001011111101110110111110111111111101110111011111111001111111110011111101010110110111011011111101111111011111110011111111111
0111111111011111111111111101111111110111111111111110100011110101101111101111111110101101010101111111100111111111011111110111011111110001111110111110110111110101101011111011111110010111111111
0011111110111110111111011011111011101110111011111111100011111101111111111111111101100111111111101111111101101110101110111101111111101111111001011110101101111111100111011110111111100111111111
1111111111111011111111101011111101111100111010111101110111100011111011101111111011111111111111011010101101111110111011111101110111110111111111101111111110100011101110111111111110110111111010
1110010011111110111111111000111010111111111110011111010101111011110101111111111111111111111000111110011101101011111110111111111111111101111111010111101011101110111110111111111010111111111111
1011111110110111111111010111101011111101101011111111111111011111110111011111101110111011101111111111111011110100011110111111011111111001011110111111011011111111111111001010101011111101111111
0111111111111111011100111011111111100111111011100110111010111111111111110111111111111111011001101110111101111110110111111101011101111111111111101001101011111101101111111111101011110101011111
1111101111111101101110111111001111111111111111111101110110111111111011011111111100111011101110111101111011111111100111110111110001111111100111101111101101110011011111110111011111111110001111
1011111010111110110111101111111111001111011111101111110110011110110110111101011111111111110011111011110111111111111101111011011111011011111011111011011111101111111101110101111111110011101111
1111111110111101111101111111111111101111011111110100111111111011111111010111111011111110111111011011010101101111010111110111111101110101011100111011011111101111111010011000111111111111111111
1110111011111101111111011110011111111011111111111111010101110111111011111101011111111100111110111111111010111111110111111110011011101010110111111101111101111101011001111111110111010101111111
1110111111011011111101011101110011111111111101111101101111010111111110001001111111011101101111011101110111111111001111111111111111101111011111111110111101111110011111101111111101111111011100
1010111111101111011011111111111101101110111110111111110010111111111011111110110110111011111111111110111111111101111100111110111011111101101100110111111101010110011111111011111011111111011110
1111011011111011111111011111111101100110111110111111011101001110111011101011110011111111011111100111111011110111111111011111101111101111101111101111101111110110111011011101110111111011111111
1111001101111110111001001111111111011111101111011111011111111111011101111110110111011111110111111001111111001101111111111110101111101111110111111111111110010010110111111101111111111110101011
1101111111111011111011101111111011110111111100111111011111110100111011101111011011111111110111111001011111110111101001101111111010111111111111010111101111111101111111111100101011011111110111
1111111110011111111111111101110011101111011111100111001110111111111011101010111011110101111111111111111111111111111101110101011111101010011101110111111101100110111011111110111101111011111111
0011110011111101111101111101110111111111111111111111101011110111111111101111111111100100110111110100011101101111111111110111011101101111111111100111101111110111111110101111100100111111111111
1110111110111011111111110111111101011111101110110110110111111111111111111111010101110111101001101111011011001110111100111111111011101010100111111111111011011111111011111111111111111111011110
1111111111111011101111101011101111111111111111000111011111011111101001111011111111101101111110111110111011111111101110101011101111111111011011101111111101101101101101111111111001111111001110
0011111111011011111111110111111111111111001101111111111101111111011011110111111100110101001111111111101111111111111001111111101011011111000110011111110110111011111111111111101001111101111011
1101001110110111111111101110110111110110111111110111111111011111110110111111001110101110111111011111101111111111011010111111011111111110110111110101110101111111101111011111111110111111011100
1111111111101111111111111011110011111111011100011111110111110011111111010011100001011111011111101111111110111111111011111110011111101001110111111111110111111111111111101111100101010111011111
1111111011010001111010111101111111111110110111111110111111111111010111111011111111110101001111111110111111111110111011111101011011111111010111111111110110111111111110110110110111101101101010
1111111111001011111111001111010111111111101111111111011001100110011111111101110011111111111111111011011111111001111100011111111011111111101101010111110101111110001111111110111110111111111111
1111111111111101101011111111100111011110011111111111101110011110111001011111101110110111110111111111101110111011111111001111111110011111101010110110111011011111101111111011111110011111111111
0111111111011111111111111101111111110111111111111110100011110101101111101111111110101101010101111111100111111111011111110111011111110001111110111110110111110101101011111011111110010111111111
