0011010110101001011010110010
0011101100010000101101101110
0100001011110000011110110110
1100110100110011101001001100
0111100100011100111100100001
0011011110100101000101011001
1010101010100010110100011011
1101100101100011000111100001
0101100010011011100011110001
0111100000111110001000001111
0111110010101010100101010010
0001101110010110100011101010
0000111111000110001000101111
1000101001101110101110010010
1011100011100100111100100001
1010110010110010010111001100
0011110101001010010110101100
1000110100110110011001011100
1000110000010111011101101010
1010001010001011111001110100
0010011101100011000011110011
0011011100110101101001001100
1111000101100010000111000111
1001010001010101010101110011
1110001010001011100101110100
1111000101000010001111000111
0100110111001001101011001100
0100110011001001101001101101
1100010100010001101101111010
1101010010101010100101010011
0010101101010010100101010111
1101000111010010000111000111
1010100010100010111100011011
1100111011001001101001001100
1110100110100101100100011001
0011110110001100110001110100
0010100101011010110100011011
1001100101100100110011100101
0001100110011100110011100101
0001111110001100010101110100
0101011010110010011110001100
0001011110100101000110111001
1011100100011000111100101001
1001100101100100110111100001
0011011100100001101011011001
0110010001101100110110101010
0101010110101110100101010010
0100110011011001101011001100
1011110000110110011001001100
0010101101010010100101110110
1100101100101001011010110010
1010100010110010111100011001
1100111000111110001000000111
0011011100100101001011011001
0110010001101101100110101010
1010100010100011110100011101
0001110110001101010001110101
1010100011100010110100111001
1101000010111010000111000111
1110001010001011100001111100
1101000101000010010111010111
1001000001000101111111000111
1110000110010101000000111111
1000111000011111001100100101
0110010001111100100010101011
0111100010011011000111100001
1010100111100010110100011001
1001110001110110011001001100
0101011110100101000100011011
0011110100011000111100110001
1111000111000110001100000111
1111000110000100000001111111
0010101101110010100101110010
1110101001011101000100011001
1000101001101110101010011010
0101110011001011100001110100
1011000011100001111000100111
1100110100110001101001011100
0010011101100011001011110001
1010110101001010010110001101
1101001010110010110110001100
0111001001110100010001110110
0011010101101001011010011010
1100111100001000011110110100
1010001110011011100001110100
1100100100100011011011011001
1011001100110001111001001100
1001001001001111100111001100
1011010011011001011010010010
0101111011010001011010010010
0101001010110010110110101100
1110100100100001001111011001
1101001001001101101110001100
1000011000111111101100100001
0101110111001001101001001100
1011000011100001111100000111
1000110010110110011011001100
1001011001001101100110101100
1100011100001000011110110110
1000101010101110101010010110
0110011101100011000011100011
0100111111010110001000000111
1011100001100100110011100101
0111010000101110101010010110
0001111110000100000010111111
0101001010110011110110001100
0101110011001001101001001101
0010111101000010100111000111
0010110101001010010110001111
1010001010001011110001111100
1100010101010000101101101110
1100100110101001001011011001
1001101010101110101010010010
0100001011110010011110110100
0010011101100111000011100011
1101000101100010001111000111
0001110110001100010001110111
1001001001001101101110001101
0110010001111100101010101010
1000101100101110101010011010
1001110001110100010001111100
0001011110100111010100011001
0011001110110001111001001100
1001001001001111101110001100
1011010100101001111010010010
0001111110011100010001110100
0111000100111110011000000111
0101110010001011100011110100
0001110110101100010101110100
0101010110101010110101010010
0110010001101101101010101010
0100110011011001111001001100
0000111111100110001100000111
1101010101110010100101010010
0010011101100011000111110001
1001011001001101100111001100
0100111111100110001000000111
0110100101011101000100111001
0111100010011111001100100001
1101010101010000101101101010
1011100011100000111100100101
0110001011110100010001110101
1101001010110010010110001110
1001011001010101010101110010
0111100000011111101100100001
1110100100100011001011011001
0100011011101100111100100001
0110100001011111000100011101
0110110101001010010111001100
1100101011010001011011010010
0011010101101101011010010010
0010011101101011000011100011
1010001011001011100011110100
1011010001010101011101010010
0011011110100111000100011001
0100101011011011011010010010
0111100000111110001000010111
0011111101001010010110001100
1110100111000100000000111111
0101010010101110100101010110
0111010001101110100010101010
1011100011100001111100100001
0001101110110100100011101010
1011001011000001111001000111
0010100101111010110100011001
1100101100101110101010010010
0010110111011010010110001100
0101011011100000111100101001
1001010001110101010111010010
1100010111010000101101101010
0110011011100100111100100001
0001111110001101010001110100
0001011110100101010100011011
0111100000111110001010000111
1000110000110110011001101101
1110001001111100010001110100
1000110000111110011001011100
0001100111011100110011100001
0001111110000100000001111111
0100111011010001011110010010
0011001101110001101001001101
0111000010111110001000001111
0010101101011010100101011010
1110010100110000101101101010
1000101010101110111010010010
1001100001100100110011111001
0101001010110010011110001110
1011100001100100111011100001
1011000011000101111100000111
0001011110100101101100011001
1000110100110111011001001100
1010010010011011010110101010
0001001110110111100110001100
0010010101101111010010101010
1110000110010100100000111111
1011000011101001111000000111
1101110110001100010001110100
1010100010100010110100011111
1001011001001101100110011100
1100111011010001011010010010
0101010110101010100101110010
0011100100011010111100110001
1010011010010011010011101010
0111100010011011000011101001
1001011001011101100100011001
1010010011010111010010101010
1101100010011011010011100001
0111000001111110011000000111
1010110000110110011001101100
1101001111000010000111000111
0111000100111110001000001111
0101111110100101000100011001
1001101001100101110011100001
0001111111000110001000010111
1100010100110000101101101011
0111100001011111000100011001
0110101011010101010101010010
0100110011101000101101101010
0011011100110001101001011100
0010110101001010011110011100
1001110000110110011011001100
0100110011001001101001011101
1100110011001011101001001100
1100111000101110101010010010
1011000011001001111001000111
1100110100110001101011001100
0010011101110011000011100011
1010110010010011110010101010
1110010100110000101101101010
0111011010101010100101010010
1011000011001001111000001111
0001111110000100010000111111
1000011000011111001100101101
0101100110011111000011100001
1010010011010011010010101011
1000110000110110111101001100
1100111100101001011010010010
0011001110110101100110001100
0001101110010100110010101011
0101101010011011000011100011
0101101010110011010110001100
1010100010100010110111011001
1001001001101101101110001100
0101010011101010101101010010
1000101100101110101010110010
0100011011101000111100101001
0100011011100001111110100001
1101000101000010001111100111
1111000101000110000111000111
1000110001110110011101001100
0010111101100011010011100001
0010101101011010100101011010
0010110101101010010110001101
0110100001011101010100111001
1010011001011111001100100001
0100111011100001111000000111
1011000011100001111000001111
1111010010101010100101010010
0111001001110110010001110100
0101101010010011010010111010
0101000110111010000111000111
0111000000111110001011000111
0010111111000110101000000111
1100101011010001011010010011
1100001100001100011110110110
1100101011010001011010010110
0101101010011011000011110001
0001111110101101000100011001
1100101000101110101010010011
1010101000111110101010010010
1100010100010100101101111010
0110011001101100110010101010
0010101101010110100101010011
1000111000101110101110010010
0110110001001111100110001100
1001011110100101010100011001
0100111011011001011010010010
0110001001110100010001110111
1101010101010010100101010011
0111000000111110001100001111
1010001110001011100001110110
1001101001100100110011100101
0111000000111110011000001111
1011001011001001101001001101
1010100010101011110100011001
0000111111000110001001100111
1011010011010001011010011010
1000111000111110101010010010
0100110011001001101111001100
0011100100011001111100110001
0101001010111010110110001100
1001010001010101010101110110
0010010101101111010010101010
1010011010011011010010101010
0001111111000110001000010111
0011011111100101000100011001
0100110011001001111001001101
0111000000111111001000001111
0010111101000010001111000111
1000110000110110011101001110
0011010100101011011010010110
0001110110001101010001110101
0101101010111011000011100001
0101110011001001101101001100
0011010100111001111000000111
1000110000111110011001001110
0101101110110100100010101010
1100000110000000001111111111
1100101000101110101010010011
0001110110001110010101110100
1011110011010001011010010010
1010010110010011010010111010
0100011011100001111101100001
0110110011001011101001001100
0101100110111011000011100001
1111100011000001111000000111
0010111111001110001000000111
1000111000111110001010000111
0001110110001110010101110100
1110001110001100000000111111
0100111111000110001100000111
1011001011001011101001001100
1001010101010101010101010110
0101001010111010010110001110
1001011001011101100100011001
0001101111010110100010101010
1010011111100011000011100001
0110000001111100000010111111
1001101001110100110011100001
1100101100101011011010010010
1100001100001000111110110110
1000011000011111101101100001
1011011010001011100001110100
0100110011001101101001001110
1011010001110101010101010010
0011100100011100111110100001
0011110110001101010001110100
0111101001110100010001110100
1000101000101110101011010110
1101010101010000101101101010
1001100101100100110011110001
1011101010101010100101010010
0101101010110010010111001100
1110100100101001001011011001
1011100100011100111100100001
1110001001110100010001110101
0110110101001011010110001100
0101110010001011100001110101
1001101001100100110011100011
0001110110001110110001110100
0110110001001101100110001110
1010001010101011100101110100
0001110110001100010001110111
0100110011001001111101001100
1001001011001101110110001100
0110010101101100100010111010
1100101101101001011010010010
0010101101011010110101010010
0011101100010000101111101010
0100011011110000111100101001
1101100101100011000111100001
1101001101001010010110011100
0001011110100101100100111001
1001100001110100110111100001
0000111111100111001000000111
0011010101101001011011010010
1001101110010100101010101010
1010001011001111100001110100
0111011000111110001000000111
0111011010110010010110001100
1111100010011011000011100001
1010001010011011100001111100
1000111000111110001000100111
1001101110010101100010101010
0101110010111010100101010010
1100010101010000101101101011
1001000001010101110111000111
0000111111000110001001010111
1010110010110010110110001100
0010111101001010010111001100
0001110110001100111001110100
0100011111100100111100100001
0010011101101011100011100001
0111100001011101001100011001
0110001001110100110011110100
1100010100010001101101101110
1010010111010011010010101010
0101001010110010010111001110
0101011010110011010110001100
1010110000110110011101001100
0011100110011000111100101001
0001110110101100110001110100
1001001011101101100110001100
0101010110101010100111010010
0101101010110010010110001110
0110111101010010100101010010
0111001100111110001000000111
0001111110001100010001110101
1101010101110010100101010010
1100011100011000111101100001
0100011011100010111100100101
0101010011111010100101010010
0010101101010111100101010010
0100101011011001111010010010
0100011011100001111110100001
0101011110100010110100011001
1001001001011101110110001100
1001001101001111100110001100
1010100011100010110100011101
0011001100110001111001001101
0111101000111110001000000111
0110011001110100110001110100
0111000001111100000000111111
0100110011011011101001001100
1100010100010000111101101011
1010001010001011100111110100
1000110100110110011011001100
0110001001111100010011110100
0101100010011011010011100101
1010010110010011010010111010
1001010001010101010101011110
1000011000011111101100110001
0111010001101100100110101010
0101100010111011000011101001
1000101000101110101111010010
0110011001110101010001110100
0110010101101100110010101010
1110010110000100000100111111
1001001001001101100110011101
1011001010001011100001110101
1101011100001000011110110100
1101101011010001011010010010
0110100001011101001100011011
0110110101001010010110101100
0001111110100101000100111001
0110001011111100010001110100
1101000101001110000111000111
0001110110001100011001111100
0011001100111011101001001100
1000111111000110001000001111
1110010010011011010010101010
1001001001001101110110001101
1000101010101110101010010110
1000110000110110011101101100
1011001100110001101101001100
0100111011100000111100101001
0010110101001010011110001101
1001011001011101000101011001
1110000110100100010000111111
0010111101000010000111001111
1101000101000011001111000111
0010010101101011010010101110
0001111111001110001000000111
0000111111001110001100000111
1011011100110001101001001100
0111000000111111001001000111
1001101000111110101010010010
1110000110000101001000111111
0111010000101110101010010011
0001110110001100010101110110
1101010100010000101101101011
0101010010101010100111110010
1000110001110110011011001100
0011010100101011011010010110
1110100110100101000100111001
1101100010011011000011100101
1110100001011101000110011001
1001001001001101110110001110
1101000101000111000111000111
0111000001111110001000010111
0001011110110101100110001100
1011000011010001111010000111
0010111101010011100101010010
1110000110010100000001111111
0000101111010110101010110010
0101011010100010110101011001
1110100110100101100100011001
0101010010101011110101010010
0110010011101100100011101010
1010100010100010110110111001
1101001110110010010110001100
1010101110101010100101010010
1110000110100110000000111111
1100110100100001001011011101
0101101010110010010110001110
1001100101100110110011100001
0101101011011011000011100001
0100110011001001101011001101
0010110101101011010110001100
1010001010011011100011110100
1010011010011011000011100011
0110101001111101000100011001
0101101110010100100010111010
1101000111000110000111000111
0101001010110010011110001110
1000011000011111001111100001
1001101001011101100110001100
1110001001110100010001110110
0011101100011000111100100101
0100111011001001111001001100
0011000100111001111001000111
1101000101010110000111000111
1000101001101110111010010010
1010101101010010100101011010
1110001110001100010001111100
0111000100111001111000000111
1011000011000001111000110111
1110110100010000101101101010
0101101010110010010111001100
1001101110010101100010101010
0001011110101101000100111001
0001110110011101010001110100
1001001001001111100111001100
0110011101100011000011100101
1101100001100100111011100001
0110101001011101000100011101
0111110100001000011110110100
1101000101010110000111000111
0001011110100101100100011011
1100101111010001011010010010
0111010110101010100101010010
1001101001101101100010101010
0011110100101001011010010011
1010001010001111101001110100
0010101101010110100101010110
1111010000111110001000000111
0010111111010010100101010010
0110010001101100100011101110
0011110100101000011110110100
0011010100111101011010010010
1000111100110110011001001100
1110100001011101100100011001
1010010010011011010110101010
1010101010101010100111010010
0111000110111110001000000111
1001110001100100111011100001
0100110011001011101001001101
0101101110010100110010101010
1101000101100010000111001111
0001111110000100000100111111
0000111111000110001010100111
1001010001010101010101010111
0110101111010001011010010010
0111001001110100010001110110
1001011110100101000100011101
0111010000101110101110010010
1011000011000101111000001111
0100011011100000111110100101
1101001100001010011110110100
0011101100110011101001001100
1101000101000110000111001111
1101101100101001011010010010
0001101110011100100011101010
0011010100101101111010010010
1011000011000101111010000111
1100001100001100011110110110
0101010010101010101101010110
0101100010111011000011100011
1111000000111110101000000111
1100011011100000111101100001
0010001111110011100001110100
0011001100110011101001011100
1010001010001011100111110100
0001111111000110011000000111
0101110010101010101101010010
1011010010011011010010101010
0111000000111110001001100111
0111101000110110011001001100
1010100010100011110110011001
0101101010010011010010101110
1010010010010011010010111011
1100001100000000001111111111
1101011101000010000111000111
0100011011100000111100110101
0111000100111110101000000111
0010101101110110100101010010
0010101101010010101101010110
1100101100001010011110110100
1001010001011101010101010110
1100101100001000011110111100
0110110001101101100110001100
0011100100011000111101100101
1100111000110110011001001100
1110100101100001001011011001
0011100100011000111110110001
1000101001101110101110010010
0011101100011010111100100001
1010101101010010100111010010
0011101101010000101101101010
0001111110001100010001111100
1001011110100101000100111001
0100011111100000111100100011
1111000000111110001010000111
0110110101001010110110001100
1010011010001011101001110100
1110101001011101000100011001
1011100001100101110011100001
0110001001110100011011110100
1100010100010100101101111010
0100001011110001011110110100
1100001101001000011110110110
0010101101010010100111010110
1110100010100110110100011001
1110101010100010110100011001
0100111011100000111101100001
0001110110101100110001110100
1000011000011111001101110001
0101010010101010100111010011
1011010001010101010101011010
1100101100101000011110110100
0010011101100111010011100001
1011010010010111010010101010
1010010010010111010110101010
0111100010011011000011100101
1010101010100010110100111001
0001110110001110010001110101
1100111100100001001011011001
0111100100111000111100100001
0110010001101100110011101010
1010100010100110110101011001
0101101010011011000011100101
1001110110001100010001110110
1101110101000010000111000111
1101001100001000011110110101
0000111111001110001000100111
1001101100101110101010010010
1101100101000010010111000111
0011111101001010010110001100
1100011110001000011110110100
1100010100010001101101101011
0101001011110000011110110100
1010010110010011010110101010
0101010010101010110111010010
1011000011000001111011000111
0011101100011100111100100001
0010101101010011100101110010
1001001001000101110111000111
0111011100101001011010010010
0101010010101010100101011110
1010100010100010111110011001
0111100000011111001100101001
1110110110100101000100011001
1000111111000110011000000111
1000110001110110011001001101
0011110101001110010110001100
0011001100110001111001011100
0011010100101001011011011010
1011100011000001111100000111
0110101001010101010101010110
0110100101011101000100011101
0110101001010101011101010010
0101010010101010110101011010
0110110101001011010110001100
0101001010110010010111001110
1001110001110100010101110100
1000011001111111001100100001
1001001001101101100110011100
1110101001011101000100011001
0100110011101001101101001100
1101000101100010010111000111
1010011010011011010010101010
0101011110110101000100011001
1000110001110111011001001100
1011000111000011111000000111
1110010100110000101101101010
0001011110100111010100011001
0011001101110101101001001100
1010100010100110110100011011
1000101000101110101010011110
1101011100001000011110110100
1000101101101110101010010010
0111010000111110001100000111
1101001001001101110110001100
0111000010111110001001000111
1001010001010101010101011011
0101101010011011010011100001
1101001010110010011110001100
0010010101101011011010101010
0100101011110001011010010011
1001110001110100110011100001
0111001100110101101001001100
1011100010100010110100011101
0011010110101001011010011010
1000111000101110101010011010
1001010001010101110101011010
0010101101011010100101010110
1110011011100000111100100001
1100011000011111101100100001
0100101011010001011110110010
1110000110100100010000111111
0110101001011101000100111001
1001010001010111010111010010
1011100100011000111110100001
1001111111000110001000000111
0001110110001100010101110110
1100101011010101011010010010
1001001011001101100110001110
0100110011001111101001001100
1011100100111000111100100001
0110101011010001011010010110
0111011101100011000011100001
1110100100100001001011011011
0100110111001001111001001100
0011111110100101000100011001
1100100100110001001011011011
0001111111000110001010000111
1000111111000110001000010111
0111000100111110011000000111
0100101011011101011010010010
0000111111000110001000011111
0011010100101001111110010010
0100011011100000111100110011
1110010010010011010010111010
0001101111010100100010101110
1011100011100000111100100011
1001110110011100010001110100
1011100110100010110100011001
1001110001101100110011100001
1100100101100011001011011001
1111100011000001111000000111
1011110011000001111000000111
1000101000101110111010010110
0000111111100110001000100111
0011010110101101010101010010
1001001001011101100110001110
0010111101010010100101010011
0111100000011111001100100011
1011110000110110011001001100
0111000010111110001000001111
0110100001011111000100111001
0111001000110110011101001100
0110010011111100100010101010
1100010101010000101101101011
0100111011001011101001001100
0100110011011001101011001100
1100110100010000101101101011
0111001100110001101101001100
1010001110101011100001110100
0011010101101001111010010010
1110010001111100100010101010
0011011110100101010100011001
0111010011101010100101010010
0101100010011011000011110011
0101011110100101010100011001
1010101010001011110001110100
0101110010001111100001110100
0101101010011011010010101010
1000110001110110011001001101
1101010101000010000111010111
0001110110001100011001111100
1101000101000010011111000111
0101011111100101000100011001
1100010100110000101101101110
1010101010001011100001110110
1101100100100101001011011001
1100000100001000001111111111
1110010001101100100011101010
1001100101100101110011100001
0101010010101110100101010011
0111000000111111001010000111
1000101000101110101110011010
0011011100100001001011011101
0100011011100001111100110001
1101000111001010000111000111
0010101101010011100101010011
0101110010101010100111010010
0100001011111000011110110100
0011011110101001011010010010
0011100100111001111100100001
0110010001101110100010101011
0010110101011010011110001100
1000101100101110101010110010
1100001100101100011110110100
0011011101100011000011100101
1101100101100111000011100001
1010011010011011100001110100
0101001010110010110110001101
1100110000110110011001001101
0100110011001101101001101100
0001011110101101000100111001
0100101011010001011010110110
1001011001011111001100100001
0111000100111110001000010111
0101101010110010010110001101
0001011110100101000110011011
0011011110101001011010010010
1000011000111111001101100001
0011011110100101100100011001
1010001011001011110001110100
0110101001110101010001110100
1100001100011000011110110110
1000111000011111001110100001
0000111111000111011000000111
1010110010010011011010101010
1001010001011111010101010010
1001101001101100101010101010
0001101110110100110010101010
1100110011001001101101001100
0011100101011010111100100001
1011010100101001011011010010
0000111111000110011010000111
1110010001101100100010101110
0100001011110000011110111100
0111100100011100111100100001
1010110000110110011001011100
0001001110110101110110001100
0111001000110110011001101100
1010100010100010110101011101
0011110100011100111100100001
0000110111001110011001001101
0110111111000110001000000111
0110110001011101000101011001
1011110011010001011010010010
1010101001101110101010010010
0101100010111011000111100001
1010010110010011010010101110
1111010110010100100010101010
1011100011100100111100100001
1110100110000100100000111111
1100010101010010101101101010
1110010010010011110010101010
0100101111010011011010010010
1000110001111110011001001100
1100111100010000101101101010
0011111100101001011010010010
0001111110001110010001110100
1000101001111110101010010010
1010100010100110111100011001
0101110110001100110001110100
1101001100001000111110110100
0011110100011000011110110100
1110100110000110000000111111
1001010001010101011101110010
1001101110010100100010111010
0101011110110010010110001100
1100011011100000111110100001
0000111111000111001010000111
1101110010001011100001110100
1110010110010101100010101010
1010001010101011100101110100
1010001010011111100001110100
0010111101100011001011100001
1010100010100011110100011101
1001111111000110001000000111
1000111000101110111010010010
1101000101001011000111000111
0010101101110010100101010110
0010100101011010110101011001
0101110010101010100101010011
0111010000111110001000100111
0011001101110001111001001100
1010000011000011110000111111
0000101111010110101010010110
1100101000101110101011010010
0001111111000100000000111111
1100100100100101001011011011
1110000110000100011000111111
1001011001011101000100111001
1011100101100100110011100001
0100100011011001001011011011
0011100100111000111101100001
1001011001011101001100011001
1000110010110110011101001100
1010011000011111001100101001
0010110101101010010110101100
1100010100010000111101101110
0001110110001100111001110100
1110010110000100000001111111
0101010011101010100111010010
0011011100100101001011011001
1011001010001111100001110100
0101000010111010000111001111
0001111110000100010000111111
1011100001100110110011100001
0011100101011000111100100011
0010110101101011010010101010
0110101001010101010101011010
0001101110010100110010101110
0100110111101001101001001100
0100100111011001001011011001
1001010001111101010101010010
0111101101010010100101010010
1101001011110010010110001100
0001011110110101000100111001
1100010101010000101111101010
1001100001111100110011100001
0101011011100100111100100001
0100111111000110001100000111
0101010010101011100111010010
0110010011101100100010111010
0001111110010100100010101110
1101010001010101110101010010
1100101011010001111010010010
1001011110100101000100111001
1100001110001000011111110100
0010101101010010100111010110
0010011101110011000011100101
0001110111001100010001111100
0011101100011000111100101001
0010101101110010100101010011
1110010110010101100010101010
0011100100011100111110100001
1111010000111110001000000111
0110001011110100010101110100
1010011000011111101100100001
1011010011000011111000000111
0101111011100000111100100001
0101010010101010110101110010
0110110101001010110110001100
0001101110110100100010101011
1110100001011101000100011011
1010110010010011110010101010
0001101110010100100011101011
0001011111100101000100011011
0101010010111010110101010010
1110100001011101000101011001
1101001110001000011110110100
0001110110101100010001110101
1001011001001101100110011100
1000111000101110101011010010
1100110100100001001011111001
0001101110011100100010111010
0111011001101100100010101010
1011100011000001111010000111
0100011011101010111100100001
1011010010010111010010101010
1000100000110110111011011001
0110110011101100100010101010
1101011001010101010101010010
1110001111001100010001110100
0011001101110001101001101100
1110001001110100010101110100
0111000001111110001100000111
1001100001100100110111110001
1110000110100100001000111111
0100101011010011111010010010
1011010100101011011010010010
1101010101001010000111000111
1001110001100100110011100101
0001110110001101110001110100
0101011011100000111100100011
0011100100011000111110101001
1001110001100101110011100001
0111100000111110011000000111
0110010101101100100010101110
0001111111010110001000000111
1001010001011101010111010010
0110101001011101010101010010
1100101100101001001011011001
0101101011010001011010010110
1010101110101010100101010010
1001110001010101010101010110
0101110110001100010001110101
0100111011011001101001001100
0011110110101100010001110100
1010001010011011100001110110
1100110011001001101101001100
0111100001111101000100011001
0111100100011000111100101001
1010110010110110010110001100
0011001110110001101101001100
1001110001010101010101010011
1010010010010011010010101111
1111001100110001101001001100
1001010101010101010101010011
0100111011101001101001001100
1011110011010001011010010010
1001001001101101110110001100
0011100100011000111100111001
0101101010110011010010101010
0100011011101000111101100001
1010011101100111000011100001
0111110110001100010001110100
1110110010110010010110001100
0011001101110001101001001110
0110001001110100011011110100
0100110011001001101011011100
1100100111100001001011011001
1010100010111010110100011001
1110101011010001011010010010
1010101010100010110100011101
1101010101000010010111000111
1010110010110010011110001100
1100010100010010101101101110
0101010010101010110101110010
0000111111100111001100100001
1100001110001010011110110100
1101001100101000011110110100
0011100110011000111100101001
0100110011011001101001001101
0100110011001101101001011100
0001010111101101010101010010
0100101011010101011010010011
0110010001111110100010101010
1011110001110100010001110100
1000011000011111001101110001
1011100011100000111101100001
1001100001100100110111101001
1011000011010001111000001111
1011000011000001111010010111
0011010110101001011010011010
0010110101001110011110001100
0110110011001001101001001110
0111000100111110001001000111
1111000111001110001000000111
0110110001011101100100011001
1010010010010011010010111011
1010001000001111101110110100
1111010100010000101101101010
0110101101011101000100011001
1110100110010100000000111111
1010110001110110011001001100
0100111011100010111100100001
0110010101101011010010101010
0011100110011100111100100001
1011010001010101010101011010
0111010010101010110101010010
1110000110001100000100111111
0101110110101010100101010010
0100111011100000111100100101
1001110001100100111011100001
0101011111100000111100100001
1000101010101111101010010010
0011010100101001011011010110
0010110101001110010110011100
0010110101001010011110101100
0110111001001101100110001100
1010011101100011010011100001
0001110110001100011001110101
1001101110010100100011101010
1101101001101100100010101010
1100010100010010101101101011
0100101111010001011110010010
1001100101100100110011100011
1001110001110100110001110100
0101101011010001011010010011
0100111011001101101001001100
0101110011001001101001101100
0110001001110100010011111100
1100010100111000101101101010
1001011001010101010101110010
0110110101001010110110001100
0100111011001001101011001100
0101001010110010011111001100
1010010010010011110010101011
0000111111000110001000101111
1011001001001101100110101100
1011011100100001001011011001
1000110000110110011001011110
0110101001010101010101010011
0001101110010100101011101010
1010110010110010010110001110
0011100110011100110011100001
0101100011111011000011100001
0001011110101101000100111001
1101001101101010010110001100
0000011111101111001100100001
1000110100110110011001101100
1001110110001100110001110100
0001001110110101100110001101
1110000110100100000001111111
1001010001010111010101010011
1101010101000110000111000111
0111000000111110001101000111
0110101001110100010011110100
0110100101011101000101011001
1011001011001011101001001100
1011000011100001111000100111
1100110101010000101101101010
0110101011011001011010010010
1110100001011101000100011101
1010011000011111001100100011
1001011001001101100110001110
1100001100001010011110110101
1100011001011111001100100001
0101100010011111000011110001
1100100100100001101011011011
0001110110101100110001110100
1000100000110110111011011001
1010010111010011010010101010
0010101101010010110101110010
0001101110010100100110101110
0010111101001011010110001100
1100100101100001101011011001
0110101001011101000100011011
1001011000011111001101100001
0101010010101011101101010010
1110010010010011010110101010
0010111101000010000111010111
0111010110101010100101010010
1010010010011011010110101010
1011010011000101111000000111
1101110001010101010101010010
1100100101100001011011011001
0010011101100111100011100001
0110111111000110001000000111
1001110001100110110011100001
1000111000011111011100100001
0111100000111110001000010111
0111000000111110101000100111
0011100101011010110100011001
1000011000011111011100100011
1011001100110001101001001101
0011000110111001111000000111
1000110000111110011011001100
1010001011001011101001110100
1010001010001111100011110100
0100011011110000111100110001
0100111111000111001000000111
1010101101010010101101010010
1000100100100110111011011001
0101011010100010110101011001
0100101011010011011010110010
1000110000110110011001011101
1000110000110110111001001101
1110010101010000101101101010
1100101100101110101010010010
1011010010010011011010101010
0101101010011011000011110001
0110110001011101001100011001
1100010100010000111111101010
1001001101001111100110001100
1000011000011111001100100111
1100000101000000001111111111
1000111100111110001000000111
1101100010011011000011110001
0010101101110010101101010010
1110000110000101000100111111
0101000010111010000111010111
1101100101000011000111000111
1001010001010101011101011010
0010011101110011100011100001
1011000011000001111101000111
1001010001010101010111110010
0110101001110100110001110100
1100100110100001101011011001
1010101010100110110100011001
0110111001110100010001110100
0111101010110010010110001100
0101010011101010100101010110
0100011011100000111110101001
1101010101010010100101011010
1001011001011101000100111001
1110000110000101010000111111
0011101110010100100010101011
1000111111000110001010000111
1001001001101101100110101100
1010001111001011100001110100
0101010010101010101101010110
0011010110101011011010010010
1010101010001011100001110110
0100110011101001101011001100
0110010011101110100010101010
0111010101101001011010010010
1001010001011101010101010110
1100010100011000111101101010
0110110001101101100010101010
0000111111000110001100001111
0010011101100011001011100011
1001101001100100110111100001
1001001001001101101110001110
0010011111100011000011101001
0111100000111110001000100111
1001100001101100110011110001
0100110011101000101101101010
0101110011001001111001001100
0111001000111110001000100111
0001011110100111000101011001
1011010100111001011010010010
0101010010101110100101010011
0011110100001000011110110110
0101011010110010010111001100
0010110101101010010110001101
1010010110010011010010101110
1101001001001101100110011100
0101010111101010100101010010
0010110101001010011110101100
1001010001010101010111010011
1010110010100011110100011001
1101010001010101110101010010
1101001011001101100110001100
1001000001000101111111000111
1000010000110111011101101010
1100110100110011101001001100
0100110011001101101001001101
1001100001100100110111100011
0011110100011000111101100001
1011100100011000111101100001
0101011011101010100101010010
0100011011110000111101100001
1100010100011000101101111010
0111010010101010100101011010
1010011010011011000111100001
1001100001100100111011100101
1111000011000001111000100111
1110001111000100000000111111
0100111011001001101011001100
1001110011010101010101010010
0011100100111000111100110001
1010001011001011100001111100
1110001001110100010011110100
0001011110110101000100011011
0000111111001111001000000111
0100101111010001011010011010
1101000111001010000111000111
1100100110100001011011011001
0010111101010010100101011010
0101010010101010100111010011
0100111011100000111110100001
1101100101000010001111000111
0010110101001010010111011100
1100110100100001011011011001
0101001010110110010110101100
0011011100100001001011011011
0000111111100110001000100111
0101110010101010100101010110
0110010101101100100010111010
0111000000111110001100010111
0110010001101100100010101111
1110001110001100011001110100
0010110101101010110110001100
0111001010110010010110001110
0001111110001100010001111100
1000011000111111001100100011
0101010011101010100101010011
0100101011010101111010010010
1011001111001001101001001100
0001110110101100010001111100
1000001000001111101110111100
0011010100111001011010110010
1010010011010011011010101010
1010110101011010010110001100
0011001100110001101101101100
0100101011010001011010110110
1011001100110001101011001100
1111010111000110001000000111
0001101110011100101010101010
1110000110000100100010111111
1010110110010011010010101010
1010011101100011000011100101
0001011110100101010101011001
0101100011011011001011100001
0011100100011000111110101001
0110100001111101000100111001
1101101001001101100110001100
1110000111100100000000111111
1010110101001110010110001100
0100101011010011011010010110
1100011100001100011110110100
1000011000011111001101110001
0100111011000101111000000111
0001011110100111001100011001
0011010110101001011010110010
0011101100010000101101101110
0100001011110000011110110110
1100110100110011101001001100
0111100100011100111100100001
0011011110100101000101011001
1010101010100010110100011011
1101100101100011000111100001
0101100010011011100011110001
0111100000111110001000001111
0111110010101010100101010010
0001101110010110100011101010
0000111111000110001000101111
1000101001101110101110010010
1011100011100100111100100001
1010110010110010010111001100
0011110101001010010110101100
1000110100110110011001011100
1000110000010111011101101010
1010001010001011111001110100
0010011101100011000011110011
0011011100110101101001001100
1111000101100010000111000111
1001010001010101010101110011
1110001010001011100101110100
1111000101000010001111000111
0100110111001001101011001100
0100110011001001101001101101
1100010100010001101101111010
1101010010101010100101010011
0010101101010010100101010111
1101000111010010000111000111
1010100010100010111100011011
1100111011001001101001001100
1110100110100101100100011001
0011110110001100110001110100
0010100101011010110100011011
1001100101100100110011100101
0001100110011100110011100101
0001111110001100010101110100
0101011010110010011110001100
0001011110100101000110111001
1011100100011000111100101001
1001100101100100110111100001
0011011100100001101011011001
0110010001101100110110101010
0101010110101110100101010010
0100110011011001101011001100
1011110000110110011001001100
0010101101010010100101110110
1100101100101001011010110010
1010100010110010111100011001
1100111000111110001000000111
0011011100100101001011011001
0110010001101101100110101010
1010100010100011110100011101
0001110110001101010001110101
1010100011100010110100111001
1101000010111010000111000111
1110001010001011100001111100
1101000101000010010111010111
1001000001000101111111000111
1110000110010101000000111111
1000111000011111001100100101
0110010001111100100010101011
0111100010011011000111100001
1010100111100010110100011001
1001110001110110011001001100
0101011110100101000100011011
0011110100011000111100110001
1111000111000110001100000111
1111000110000100000001111111
0010101101110010100101110010
1110101001011101000100011001
1000101001101110101010011010
0101110011001011100001110100
1011000011100001111000100111
1100110100110001101001011100
0010011101100011001011110001
1010110101001010010110001101
1101001010110010110110001100
0111001001110100010001110110
0011010101101001011010011010
1100111100001000011110110100
1010001110011011100001110100
1100100100100011011011011001
1011001100110001111001001100
1001001001001111100111001100
1011010011011001011010010010
0101111011010001011010010010
0101001010110010110110101100
1110100100100001001111011001
1101001001001101101110001100
1000011000111111101100100001
0101110111001001101001001100
1011000011100001111100000111
1000110010110110011011001100
1001011001001101100110101100
1100011100001000011110110110
1000101010101110101010010110
0110011101100011000011100011
0100111111010110001000000111
1011100001100100110011100101
0111010000101110101010010110
0001111110000100000010111111
0101001010110011110110001100
0101110011001001101001001101
0010111101000010100111000111
0010110101001010010110001111
1010001010001011110001111100
1100010101010000101101101110
1100100110101001001011011001
1001101010101110101010010010
0100001011110010011110110100
0010011101100111000011100011
1101000101100010001111000111
0001110110001100010001110111
1001001001001101101110001101
0110010001111100101010101010
1000101100101110101010011010
1001110001110100010001111100
0001011110100111010100011001
0011001110110001111001001100
1001001001001111101110001100
1011010100101001111010010010
0001111110011100010001110100
0111000100111110011000000111
0101110010001011100011110100
0001110110101100010101110100
0101010110101010110101010010
0110010001101101101010101010
0100110011011001111001001100
0000111111100110001100000111
1101010101110010100101010010
0010011101100011000111110001
1001011001001101100111001100
0100111111100110001000000111
0110100101011101000100111001
0111100010011111001100100001
1101010101010000101101101010
1011100011100000111100100101
0110001011110100010001110101
1101001010110010010110001110
1001011001010101010101110010
0111100000011111101100100001
1110100100100011001011011001
0100011011101100111100100001
0110100001011111000100011101
0110110101001010010111001100
1100101011010001011011010010
0011010101101101011010010010
0010011101101011000011100011
1010001011001011100011110100
1011010001010101011101010010
0011011110100111000100011001
0100101011011011011010010010
0111100000111110001000010111
0011111101001010010110001100
1110100111000100000000111111
0101010010101110100101010110
0111010001101110100010101010
1011100011100001111100100001
0001101110110100100011101010
1011001011000001111001000111
0010100101111010110100011001
1100101100101110101010010010
0010110111011010010110001100
0101011011100000111100101001
1001010001110101010111010010
1100010111010000101101101010
0110011011100100111100100001
0001111110001101010001110100
0001011110100101010100011011
0111100000111110001010000111
1000110000110110011001101101
1110001001111100010001110100
1000110000111110011001011100
0001100111011100110011100001
0001111110000100000001111111
0100111011010001011110010010
0011001101110001101001001101
0111000010111110001000001111
0010101101011010100101011010
1110010100110000101101101010
1000101010101110111010010010
1001100001100100110011111001
0101001010110010011110001110
1011100001100100111011100001
1011000011000101111100000111
0001011110100101101100011001
1000110100110111011001001100
1010010010011011010110101010
0001001110110111100110001100
0010010101101111010010101010
1110000110010100100000111111
1011000011101001111000000111
1101110110001100010001110100
1010100010100010110100011111
1001011001001101100110011100
1100111011010001011010010010
0101010110101010100101110010
0011100100011010111100110001
1010011010010011010011101010
0111100010011011000011101001
1001011001011101100100011001
1010010011010111010010101010
1101100010011011010011100001
0111000001111110011000000111
1010110000110110011001101100
1101001111000010000111000111
0111000100111110001000001111
0101111110100101000100011001
1001101001100101110011100001
0001111111000110001000010111
1100010100110000101101101011
0111100001011111000100011001
0110101011010101010101010010
0100110011101000101101101010
0011011100110001101001011100
0010110101001010011110011100
1001110000110110011011001100
0100110011001001101001011101
1100110011001011101001001100
1100111000101110101010010010
1011000011001001111001000111
1100110100110001101011001100
0010011101110011000011100011
1010110010010011110010101010
1110010100110000101101101010
0111011010101010100101010010
1011000011001001111000001111
0001111110000100010000111111
1000011000011111001100101101
0101100110011111000011100001
1010010011010011010010101011
1000110000110110111101001100
1100111100101001011010010010
0011001110110101100110001100
0001101110010100110010101011
0101101010011011000011100011
0101101010110011010110001100
1010100010100010110111011001
1001001001101101101110001100
0101010011101010101101010010
1000101100101110101010110010
0100011011101000111100101001
0100011011100001111110100001
1101000101000010001111100111
1111000101000110000111000111
1000110001110110011101001100
0010111101100011010011100001
0010101101011010100101011010
0010110101101010010110001101
0110100001011101010100111001
1010011001011111001100100001
0100111011100001111000000111
1011000011100001111000001111
1111010010101010100101010010
0111001001110110010001110100
0101101010010011010010111010
0101000110111010000111000111
0111000000111110001011000111
0010111111000110101000000111
1100101011010001011010010011
1100001100001100011110110110
1100101011010001011010010110
0101101010011011000011110001
0001111110101101000100011001
1100101000101110101010010011
1010101000111110101010010010
1100010100010100101101111010
0110011001101100110010101010
0010101101010110100101010011
1000111000101110101110010010
0110110001001111100110001100
1001011110100101010100011001
0100111011011001011010010010
0110001001110100010001110111
1101010101010010100101010011
0111000000111110001100001111
1010001110001011100001110110
1001101001100100110011100101
0111000000111110011000001111
1011001011001001101001001101
1010100010101011110100011001
0000111111000110001001100111
1011010011010001011010011010
1000111000111110101010010010
0100110011001001101111001100
0011100100011001111100110001
0101001010111010110110001100
1001010001010101010101110110
0010010101101111010010101010
1010011010011011010010101010
0001111111000110001000010111
0011011111100101000100011001
0100110011001001111001001101
0111000000111111001000001111
0010111101000010001111000111
1000110000110110011101001110
0011010100101011011010010110
0001110110001101010001110101
0101101010111011000011100001
0101110011001001101101001100
0011010100111001111000000111
1000110000111110011001001110
0101101110110100100010101010
1100000110000000001111111111
1100101000101110101010010011
0001110110001110010101110100
1011110011010001011010010010
1010010110010011010010111010
0100011011100001111101100001
0110110011001011101001001100
0101100110111011000011100001
1111100011000001111000000111
0010111111001110001000000111
1000111000111110001010000111
0001110110001110010101110100
1110001110001100000000111111
0100111111000110001100000111
1011001011001011101001001100
1001010101010101010101010110
0101001010111010010110001110
1001011001011101100100011001
0001101111010110100010101010
1010011111100011000011100001
0110000001111100000010111111
1001101001110100110011100001
1100101100101011011010010010
1100001100001000111110110110
1000011000011111101101100001
1011011010001011100001110100
0100110011001101101001001110
1011010001110101010101010010
0011100100011100111110100001
0011110110001101010001110100
0111101001110100010001110100
1000101000101110101011010110
1101010101010000101101101010
1001100101100100110011110001
1011101010101010100101010010
0101101010110010010111001100
1110100100101001001011011001
1011100100011100111100100001
1110001001110100010001110101
0110110101001011010110001100
0101110010001011100001110101
1001101001100100110011100011
0001110110001110110001110100
0110110001001101100110001110
1010001010101011100101110100
0001110110001100010001110111
0100110011001001111101001100
1001001011001101110110001100
0110010101101100100010111010
1100101101101001011010010010
0010101101011010110101010010
0011101100010000101111101010
0100011011110000111100101001
1101100101100011000111100001
1101001101001010010110011100
0001011110100101100100111001
1001100001110100110111100001
0000111111100111001000000111
0011010101101001011011010010
1001101110010100101010101010
1010001011001111100001110100
0111011000111110001000000111
0111011010110010010110001100
1111100010011011000011100001
1010001010011011100001111100
1000111000111110001000100111
1001101110010101100010101010
0101110010111010100101010010
1100010101010000101101101011
1001000001010101110111000111
0000111111000110001001010111
1010110010110010110110001100
0010111101001010010111001100
0001110110001100111001110100
0100011111100100111100100001
0010011101101011100011100001
0111100001011101001100011001
0110001001110100110011110100
1100010100010001101101101110
1010010111010011010010101010
0101001010110010010111001110
0101011010110011010110001100
1010110000110110011101001100
0011100110011000111100101001
0001110110101100110001110100
1001001011101101100110001100
0101010110101010100111010010
0101101010110010010110001110
0110111101010010100101010010
0111001100111110001000000111
0001111110001100010001110101
1101010101110010100101010010
1100011100011000111101100001
0100011011100010111100100101
0101010011111010100101010010
0010101101010111100101010010
0100101011011001111010010010
0100011011100001111110100001
0101011110100010110100011001
1001001001011101110110001100
1001001101001111100110001100
1010100011100010110100011101
0011001100110001111001001101
0111101000111110001000000111
0110011001110100110001110100
0111000001111100000000111111
0100110011011011101001001100
1100010100010000111101101011
1010001010001011100111110100
1000110100110110011011001100
0110001001111100010011110100
0101100010011011010011100101
1010010110010011010010111010
1001010001010101010101011110
1000011000011111101100110001
0111010001101100100110101010
0101100010111011000011101001
1000101000101110101111010010
0110011001110101010001110100
0110010101101100110010101010
1110010110000100000100111111
1001001001001101100110011101
1011001010001011100001110101
1101011100001000011110110100
1101101011010001011010010010
0110100001011101001100011011
0110110101001010010110101100
0001111110100101000100111001
0110001011111100010001110100
1101000101001110000111000111
0001110110001100011001111100
0011001100111011101001001100
1000111111000110001000001111
1110010010011011010010101010
1001001001001101110110001101
1000101010101110101010010110
1000110000110110011101101100
1011001100110001101101001100
0100111011100000111100101001
0010110101001010011110001101
1001011001011101000101011001
1110000110100100010000111111
0010111101000010000111001111
1101000101000011001111000111
0010010101101011010010101110
0001111111001110001000000111
0000111111001110001100000111
1011011100110001101001001100
0111000000111111001001000111
1001101000111110101010010010
1110000110000101001000111111
0111010000101110101010010011
0001110110001100010101110110
1101010100010000101101101011
0101010010101010100111110010
1000110001110110011011001100
0011010100101011011010010110
1110100110100101000100111001
1101100010011011000011100101
1110100001011101000110011001
1001001001001101110110001110
1101000101000111000111000111
0111000001111110001000010111
0001011110110101100110001100
1011000011010001111010000111
0010111101010011100101010010
1110000110010100000001111111
0000101111010110101010110010
0101011010100010110101011001
1110100110100101100100011001
0101010010101011110101010010
0110010011101100100011101010
1010100010100010110110111001
1101001110110010010110001100
1010101110101010100101010010
1110000110100110000000111111
1100110100100001001011011101
0101101010110010010110001110
1001100101100110110011100001
0101101011011011000011100001
0100110011001001101011001101
0010110101101011010110001100
1010001010011011100011110100
1010011010011011000011100011
0110101001111101000100011001
0101101110010100100010111010
1101000111000110000111000111
0101001010110010011110001110
1000011000011111001111100001
1001101001011101100110001100
1110001001110100010001110110
0011101100011000111100100101
0100111011001001111001001100
0011000100111001111001000111
1101000101010110000111000111
1000101001101110111010010010
1010101101010010100101011010
1110001110001100010001111100
0111000100111001111000000111
1011000011000001111000110111
1110110100010000101101101010
0101101010110010010111001100
1001101110010101100010101010
0001011110101101000100111001
0001110110011101010001110100
1001001001001111100111001100
0110011101100011000011100101
1101100001100100111011100001
0110101001011101000100011101
0111110100001000011110110100
1101000101010110000111000111
0001011110100101100100011011
1100101111010001011010010010
0111010110101010100101010010
1001101001101101100010101010
0011110100101001011010010011
1010001010001111101001110100
0010101101010110100101010110
1111010000111110001000000111
0010111111010010100101010010
0110010001101100100011101110
0011110100101000011110110100
0011010100111101011010010010
1000111100110110011001001100
1110100001011101100100011001
1010010010011011010110101010
1010101010101010100111010010
0111000110111110001000000111
1001110001100100111011100001
0100110011001011101001001101
0101101110010100110010101010
1101000101100010000111001111
0001111110000100000100111111
0000111111000110001010100111
1001010001010101010101010111
0110101111010001011010010010
0111001001110100010001110110
1001011110100101000100011101
0111010000101110101110010010
1011000011000101111000001111
0100011011100000111110100101
1101001100001010011110110100
0011101100110011101001001100
1101000101000110000111001111
1101101100101001011010010010
0001101110011100100011101010
0011010100101101111010010010
1011000011000101111010000111
1100001100001100011110110110
0101010010101010101101010110
0101100010111011000011100011
1111000000111110101000000111
1100011011100000111101100001
0010001111110011100001110100
0011001100110011101001011100
1010001010001011100111110100
0001111111000110011000000111
0101110010101010101101010010
1011010010011011010010101010
0111000000111110001001100111
0111101000110110011001001100
1010100010100011110110011001
0101101010010011010010101110
1010010010010011010010111011
1100001100000000001111111111
1101011101000010000111000111
0100011011100000111100110101
0111000100111110101000000111
0010101101110110100101010010
0010101101010010101101010110
1100101100001010011110110100
1001010001011101010101010110
1100101100001000011110111100
0110110001101101100110001100
0011100100011000111101100101
1100111000110110011001001100
1110100101100001001011011001
0011100100011000111110110001
1000101001101110101110010010
0011101100011010111100100001
1010101101010010100111010010
0011101101010000101101101010
0001111110001100010001111100
1001011110100101000100111001
0100011111100000111100100011
1111000000111110001010000111
0110110101001010110110001100
1010011010001011101001110100
1110101001011101000100011001
1011100001100101110011100001
0110001001110100011011110100
1100010100010100101101111010
0100001011110001011110110100
1100001101001000011110110110
0010101101010010100111010110
1110100010100110110100011001
1110101010100010110100011001
0100111011100000111101100001
0001110110101100110001110100
1000011000011111001101110001
0101010010101010100111010011
1011010001010101010101011010
1100101100101000011110110100
0010011101100111010011100001
1011010010010111010010101010
1010010010010111010110101010
0111100010011011000011100101
1010101010100010110100111001
0001110110001110010001110101
1100111100100001001011011001
0111100100111000111100100001
0110010001101100110011101010
1010100010100110110101011001
0101101010011011000011100101
1001110110001100010001110110
1101110101000010000111000111
1101001100001000011110110101
0000111111001110001000100111
1001101100101110101010010010
1101100101000010010111000111
0011111101001010010110001100
1100011110001000011110110100
1100010100010001101101101011
0101001011110000011110110100
1010010110010011010110101010
0101010010101010110111010010
1011000011000001111011000111
0011101100011100111100100001
0010101101010011100101110010
1001001001000101110111000111
0111011100101001011010010010
0101010010101010100101011110
1010100010100010111110011001
0111100000011111001100101001
1110110110100101000100011001
1000111111000110011000000111
1000110001110110011001001101
0011110101001110010110001100
0011001100110001111001011100
0011010100101001011011011010
1011100011000001111100000111
0110101001010101010101010110
0110100101011101000100011101
0110101001010101011101010010
0101010010101010110101011010
0110110101001011010110001100
0101001010110010010111001110
1001110001110100010101110100
1000011001111111001100100001
1001001001101101100110011100
1110101001011101000100011001
0100110011101001101101001100
1101000101100010010111000111
1010011010011011010010101010
0101011110110101000100011001
1000110001110111011001001100
1011000111000011111000000111
1110010100110000101101101010
0001011110100111010100011001
0011001101110101101001001100
1010100010100110110100011011
1000101000101110101010011110
1101011100001000011110110100
1000101101101110101010010010
0111010000111110001100000111
1101001001001101110110001100
0111000010111110001001000111
1001010001010101010101011011
0101101010011011010011100001
1101001010110010011110001100
0010010101101011011010101010
0100101011110001011010010011
1001110001110100110011100001
0111001100110101101001001100
1011100010100010110100011101
0011010110101001011010011010
1000111000101110101010011010
1001010001010101110101011010
0010101101011010100101010110
1110011011100000111100100001
1100011000011111101100100001
0100101011010001011110110010
1110000110100100010000111111
0110101001011101000100111001
1001010001010111010111010010
1011100100011000111110100001
1001111111000110001000000111
0001110110001100010101110110
1100101011010101011010010010
1001001011001101100110001110
0100110011001111101001001100
1011100100111000111100100001
0110101011010001011010010110
0111011101100011000011100001
1110100100100001001011011011
0100110111001001111001001100
0011111110100101000100011001
1100100100110001001011011011
0001111111000110001010000111
1000111111000110001000010111
0111000100111110011000000111
0100101011011101011010010010
0000111111000110001000011111
0011010100101001111110010010
0100011011100000111100110011
1110010010010011010010111010
0001101111010100100010101110
1011100011100000111100100011
1001110110011100010001110100
1011100110100010110100011001
1001110001101100110011100001
1100100101100011001011011001
1111100011000001111000000111
1011110011000001111000000111
1000101000101110111010010110
0000111111100110001000100111
0011010110101101010101010010
1001001001011101100110001110
0010111101010010100101010011
0111100000011111001100100011
1011110000110110011001001100
0111000010111110001000001111
0110100001011111000100111001
0111001000110110011101001100
0110010011111100100010101010
1100010101010000101101101011
0100111011001011101001001100
0100110011011001101011001100
1100110100010000101101101011
0111001100110001101101001100
1010001110101011100001110100
0011010101101001111010010010
1110010001111100100010101010
0011011110100101010100011001
0111010011101010100101010010
0101100010011011000011110011
0101011110100101010100011001
1010101010001011110001110100
0101110010001111100001110100
0101101010011011010010101010
1000110001110110011001001101
1101010101000010000111010111
0001110110001100011001111100
1101000101000010011111000111
0101011111100101000100011001
1100010100110000101101101110
1010101010001011100001110110
1101100100100101001011011001
1100000100001000001111111111
1110010001101100100011101010
1001100101100101110011100001
0101010010101110100101010011
0111000000111111001010000111
1000101000101110101110011010
0011011100100001001011011101
0100011011100001111100110001
1101000111001010000111000111
0010101101010011100101010011
0101110010101010100111010010
0100001011111000011110110100
0011011110101001011010010010
0011100100111001111100100001
0110010001101110100010101011
0010110101011010011110001100
1000101100101110101010110010
1100001100101100011110110100
0011011101100011000011100101
1101100101100111000011100001
1010011010011011100001110100
0101001010110010110110001101
1100110000110110011001001101
0100110011001101101001101100
0001011110101101000100111001
0100101011010001011010110110
1001011001011111001100100001
0111000100111110001000010111
0101101010110010010110001101
0001011110100101000110011011
0011011110101001011010010010
1000011000111111001101100001
0011011110100101100100011001
1010001011001011110001110100
0110101001110101010001110100
1100001100011000011110110110
1000111000011111001110100001
0000111111000111011000000111
1010110010010011011010101010
1001010001011111010101010010
1001101001101100101010101010
0001101110110100110010101010
1100110011001001101101001100
0011100101011010111100100001
1011010100101001011011010010
0000111111000110011010000111
1110010001101100100010101110
0100001011110000011110111100
0111100100011100111100100001
1010110000110110011001011100
0001001110110101110110001100
0111001000110110011001101100
1010100010100010110101011101
0011110100011100111100100001
0000110111001110011001001101
0110111111000110001000000111
0110110001011101000101011001
1011110011010001011010010010
1010101001101110101010010010
0101100010111011000111100001
1010010110010011010010101110
1111010110010100100010101010
1011100011100100111100100001
1110100110000100100000111111
1100010101010010101101101010
1110010010010011110010101010
0100101111010011011010010010
1000110001111110011001001100
1100111100010000101101101010
0011111100101001011010010010
0001111110001110010001110100
1000101001111110101010010010
1010100010100110111100011001
0101110110001100110001110100
1101001100001000111110110100
0011110100011000011110110100
1110100110000110000000111111
1001010001010101011101110010
1001101110010100100010111010
0101011110110010010110001100
1100011011100000111110100001
0000111111000111001010000111
1101110010001011100001110100
1110010110010101100010101010
1010001010101011100101110100
1010001010011111100001110100
0010111101100011001011100001
1010100010100011110100011101
1001111111000110001000000111
1000111000101110111010010010
1101000101001011000111000111
0010101101110010100101010110
0010100101011010110101011001
0101110010101010100101010011
0111010000111110001000100111
0011001101110001111001001100
1010000011000011110000111111
0000101111010110101010010110
1100101000101110101011010010
0001111111000100000000111111
1100100100100101001011011011
1110000110000100011000111111
1001011001011101000100111001
1011100101100100110011100001
0100100011011001001011011011
0011100100111000111101100001
1001011001011101001100011001
1000110010110110011101001100
1010011000011111001100101001
0010110101101010010110101100
1100010100010000111101101110
0001110110001100111001110100
1110010110000100000001111111
0101010011101010100111010010
0011011100100101001011011001
1011001010001111100001110100
0101000010111010000111001111
0001111110000100010000111111
1011100001100110110011100001
0011100101011000111100100011
0010110101101011010010101010
0110101001010101010101011010
0001101110010100110010101110
0100110111101001101001001100
0100100111011001001011011001
1001010001111101010101010010
0111101101010010100101010010
1101001011110010010110001100
0001011110110101000100111001
1100010101010000101111101010
1001100001111100110011100001
0101011011100100111100100001
0100111111000110001100000111
0101010010101011100111010010
0110010011101100100010111010
0001111110010100100010101110
1101010001010101110101010010
1100101011010001111010010010
1001011110100101000100111001
1100001110001000011111110100
0010101101010010100111010110
0010011101110011000011100101
0001110111001100010001111100
0011101100011000111100101001
0010101101110010100101010011
1110010110010101100010101010
0011100100011100111110100001
1111010000111110001000000111
0110001011110100010101110100
1010011000011111101100100001
1011010011000011111000000111
0101111011100000111100100001
0101010010101010110101110010
0110110101001010110110001100
0001101110110100100010101011
1110100001011101000100011011
1010110010010011110010101010
0001101110010100100011101011
0001011111100101000100011011
0101010010111010110101010010
1110100001011101000101011001
1101001110001000011110110100
0001110110101100010001110101
1001011001001101100110011100
1000111000101110101011010010
1100110100100001001011111001
0001101110011100100010111010
0111011001101100100010101010
1011100011000001111010000111
0100011011101010111100100001
1011010010010111010010101010
1000100000110110111011011001
0110110011101100100010101010
1101011001010101010101010010
1110001111001100010001110100
0011001101110001101001101100
1110001001110100010101110100
0111000001111110001100000111
1001100001100100110111110001
1110000110100100001000111111
0100101011010011111010010010
1011010100101011011010010010
1101010101001010000111000111
1001110001100100110011100101
0001110110001101110001110100
0101011011100000111100100011
0011100100011000111110101001
1001110001100101110011100001
0111100000111110011000000111
0110010101101100100010101110
0001111111010110001000000111
1001010001011101010111010010
0110101001011101010101010010
1100101100101001001011011001
0101101011010001011010010110
1010101110101010100101010010
1001110001010101010101010110
0101110110001100010001110101
0100111011011001101001001100
0011110110101100010001110100
1010001010011011100001110110
1100110011001001101101001100
0111100001111101000100011001
0111100100011000111100101001
1010110010110110010110001100
0011001110110001101101001100
1001110001010101010101010011
1010010010010011010010101111
1111001100110001101001001100
1001010101010101010101010011
0100111011101001101001001100
1011110011010001011010010010
1001001001101101110110001100
0011100100011000111100111001
0101101010110011010010101010
0100011011101000111101100001
1010011101100111000011100001
0111110110001100010001110100
1110110010110010010110001100
0011001101110001101001001110
0110001001110100011011110100
0100110011001001101011011100
1100100111100001001011011001
1010100010111010110100011001
1110101011010001011010010010
1010101010100010110100011101
1101010101000010010111000111
1010110010110010011110001100
1100010100010010101101101110
0101010010101010110101110010
0000111111100111001100100001
1100001110001010011110110100
1101001100101000011110110100
0011100110011000111100101001
0100110011011001101001001101
0100110011001101101001011100
0001010111101101010101010010
0100101011010101011010010011
0110010001111110100010101010
1011110001110100010001110100
1000011000011111001101110001
1011100011100000111101100001
1001100001100100110111101001
1011000011010001111000001111
1011000011000001111010010111
0011010110101001011010011010
0010110101001110011110001100
0110110011001001101001001110
0111000100111110001001000111
1111000111001110001000000111
0110110001011101100100011001
1010010010010011010010111011
1010001000001111101110110100
1111010100010000101101101010
0110101101011101000100011001
1110100110010100000000111111
1010110001110110011001001100
0100111011100010111100100001
0110010101101011010010101010
0011100110011100111100100001
1011010001010101010101011010
0111010010101010110101010010
1110000110001100000100111111
0101110110101010100101010010
0100111011100000111100100101
1001110001100100111011100001
0101011111100000111100100001
1000101010101111101010010010
0011010100101001011011010110
0010110101001110010110011100
0010110101001010011110101100
0110111001001101100110001100
1010011101100011010011100001
0001110110001100011001110101
1001101110010100100011101010
1101101001101100100010101010
1100010100010010101101101011
0100101111010001011110010010
1001100101100100110011100011
1001110001110100110001110100
0101101011010001011010010011
0100111011001101101001001100
0101110011001001101001101100
0110001001110100010011111100
1100010100111000101101101010
1001011001010101010101110010
0110110101001010110110001100
0100111011001001101011001100
0101001010110010011111001100
1010010010010011110010101011
0000111111000110001000101111
1011001001001101100110101100
1011011100100001001011011001
1000110000110110011001011110
0110101001010101010101010011
0001101110010100101011101010
1010110010110010010110001110
0011100110011100110011100001
0101100011111011000011100001
0001011110101101000100111001
1101001101101010010110001100
0000011111101111001100100001
1000110100110110011001101100
1001110110001100110001110100
0001001110110101100110001101
1110000110100100000001111111
1001010001010111010101010011
1101010101000110000111000111
0111000000111110001101000111
0110101001110100010011110100
0110100101011101000101011001
1011001011001011101001001100
1011000011100001111000100111
1100110101010000101101101010
0110101011011001011010010010
1110100001011101000100011101
1010011000011111001100100011
1001011001001101100110001110
1100001100001010011110110101
1100011001011111001100100001
0101100010011111000011110001
1100100100100001101011011011
0001110110101100110001110100
1000100000110110111011011001
1010010111010011010010101010
0010101101010010110101110010
0001101110010100100110101110
0010111101001011010110001100
1100100101100001101011011001
0110101001011101000100011011
1001011000011111001101100001
0101010010101011101101010010
1110010010010011010110101010
0010111101000010000111010111
0111010110101010100101010010
1010010010011011010110101010
1011010011000101111000000111
1101110001010101010101010010
1100100101100001011011011001
0010011101100111100011100001
0110111111000110001000000111
1001110001100110110011100001
1000111000011111011100100001
0111100000111110001000010111
0111000000111110101000100111
0011100101011010110100011001
1000011000011111011100100011
1011001100110001101001001101
0011000110111001111000000111
1000110000111110011011001100
1010001011001011101001110100
1010001010001111100011110100
0100011011110000111100110001
0100111111000111001000000111
1010101101010010101101010010
1000100100100110111011011001
0101011010100010110101011001
0100101011010011011010110010
1000110000110110011001011101
1000110000110110111001001101
1110010101010000101101101010
1100101100101110101010010010
1011010010010011011010101010
0101101010011011000011110001
0110110001011101001100011001
1100010100010000111111101010
1001001101001111100110001100
1000011000011111001100100111
1100000101000000001111111111
1000111100111110001000000111
1101100010011011000011110001
0010101101110010101101010010
1110000110000101000100111111
0101000010111010000111010111
1101100101000011000111000111
1001010001010101011101011010
0010011101110011100011100001
1011000011000001111101000111
1001010001010101010111110010
0110101001110100110001110100
1100100110100001101011011001
1010101010100110110100011001
0110111001110100010001110100
0111101010110010010110001100
0101010011101010100101010110
0100011011100000111110101001
1101010101010010100101011010
1001011001011101000100111001
1110000110000101010000111111
0011101110010100100010101011
1000111111000110001010000111
1001001001101101100110101100
1010001111001011100001110100
0101010010101010101101010110
0011010110101011011010010010
1010101010001011100001110110
0100110011101001101011001100
0110010011101110100010101010
0111010101101001011010010010
1001010001011101010101010110
1100010100011000111101101010
0110110001101101100010101010
0000111111000110001100001111
0010011101100011001011100011
1001101001100100110111100001
1001001001001101101110001110
0010011111100011000011101001
0111100000111110001000100111
1001100001101100110011110001
0100110011101000101101101010
0101110011001001111001001100
0111001000111110001000100111
0001011110100111000101011001
1011010100111001011010010010
0101010010101110100101010011
0011110100001000011110110110
0101011010110010010111001100
0010110101101010010110001101
1010010110010011010010101110
1101001001001101100110011100
0101010111101010100101010010
0010110101001010011110101100
1001010001010101010111010011
1010110010100011110100011001
1101010001010101110101010010
1101001011001101100110001100
1001000001000101111111000111
1000010000110111011101101010
1100110100110011101001001100
0100110011001101101001001101
1001100001100100110111100011
0011110100011000111101100001
1011100100011000111101100001
0101011011101010100101010010
0100011011110000111101100001
1100010100011000101101111010
0111010010101010100101011010
1010011010011011000111100001
1001100001100100111011100101
1111000011000001111000100111
1110001111000100000000111111
0100111011001001101011001100
1001110011010101010101010010
0011100100111000111100110001
1010001011001011100001111100
1110001001110100010011110100
0001011110110101000100011011
0000111111001111001000000111
0100101111010001011010011010
1101000111001010000111000111
1100100110100001011011011001
0010111101010010100101011010
0101010010101010100111010011
0100111011100000111110100001
1101100101000010001111000111
0010110101001010010111011100
1100110100100001011011011001
0101001010110110010110101100
0011011100100001001011011011
0000111111100110001000100111
0101110010101010100101010110
0110010101101100100010111010
0111000000111110001100010111
0110010001101100100010101111
1110001110001100011001110100
0010110101101010110110001100
0111001010110010010110001110
0001111110001100010001111100
1000011000111111001100100011
0101010011101010100101010011
0100101011010101111010010010
1011001111001001101001001100
0001110110101100010001111100
1000001000001111101110111100
0011010100111001011010110010
1010010011010011011010101010
1010110101011010010110001100
0011001100110001101101101100
0100101011010001011010110110
1011001100110001101011001100
1111010111000110001000000111
0001101110011100101010101010
1110000110000100100010111111
1010110110010011010010101010
1010011101100011000011100101
0001011110100101010101011001
0101100011011011001011100001
0011100100011000111110101001
0110100001111101000100111001
1101101001001101100110001100
1110000111100100000000111111
1010110101001110010110001100
0100101011010011011010010110
1100011100001100011110110100
1000011000011111001101110001
0100111011000101111000000111
0001011110100111001100011001
