1010110000110110011001001100
0100110011101001101001001100
1010010010010011010010101110
1100100100100001001011111001
0110001001110100010001111100
0101110011001001101001001100
0110010001101100100110101010
1100001100001000011110110101
1110100110000100000000111111
0100110011001101101001001100
1010010010010011011010101010
1010110000110110011001001100
0100011011100000111100100011
1010011101100011000011100001
1100001101001000011110110100
1000101000101110101010011010
1100101100001000011110110100
1011000011000001111010000111
0011100100011001111100100001
0110001101110100010001110100
1000101001101110101010010010
0101001010111010010110001100
0000111111000110101000000111
1000011000011111001100100011
0110101101010010100101010010
0011100100011000111101100001
1001110000110110011001001100
1000111000110110011001001100
0110010001101100100110101010
0011010100101001011011010010
1101000101001010000111000111
0100110111001001101001001100
0111100000111110001000000111
1101000101000010001111000111
1010010010010011010011101010
1100101000101110101010010010
1010010010011011010010101010
0010101101011010100101010010
0110010001101101100010101010
1000011000011111001101100001
0101101011010001011010010010
1100100100100001011011011001
1101000101000010100111000111
1100100100100001101011011001
0001111110100101000100011001
1101100101000010000111000111
0100011011100100111100100001
0111000000111110001001000111
0111001001110100010001110100
0110101001110100010001110100
1101001100001000011110110100
0111100000111110001000000111
0001011110100101000100011101
0110101001011101000100011001
0100011011100100111100100001
0100011011100000111100100011
0001101110010100100010101110
1001101000101110101010010010
1010001011001011100001110100
0101010010101010100101011010
1000111111000110001000000111
0111000000111110011000000111
1101000101000010001111000111
0100101011010001011110010010
1100010100010100101101101010
1001100001100100110011100101
0011001100110101101001001100
0001011110101101000100011001
0101011011100000111100100001
1100110100010000101101101010
0111001010110010010110001100
1100010100010000111101101010
0101101010011011000011100001
0101100011011011000011100001
0010011101110011000011100001
0010110101001010010111001100
1101000101000011000111000111
0001101110011100100010101010
1110010001101100100010101010
0000111111010110001000000111
0010110101001010110110001100
0000111111001110001000000111
0010110101001010011110001100
0111010001101100100010101010
0101010010101110100101010010
0100111111000110001000000111
0100101011010001011010110010
0001011110100101000100111001
0011010100101001011010011010
1001001001001101100111001100
0010101101010010100101011010
0010110101001010011110001100
1001100001100100111011100001
0011001100110101101001001100
1001010001010101011101010010
1000101000101110101010010011
1110000110000100100000111111
1100100100110001001011011001
1011000011000001111000001111
0001101110010100100010101110
1011000011000001111000100111
0001110111001100010001110100
1000110000110111011001001100
1010011101100011000011100001
1001001001001101100110011100
0110010001101100101010101010
0001011110100111000100011001
0101011010101010100101010010
0011010100101001111010010010
0000111111000110001001000111
1100100100100001011011011001
0011010110101001011010010010
0111000000111110001001000111
1101000101000010100111000111
0100101011010001011010110010
1010001010001011101001110100
1000011001011111001100100001
0100111011010001011010010010
1100001100011000011110110100
0011100101011000111100100001
0001110111001100010001110100
0010111101100011000011100001
0010011101100011100011100001
0001011110110101000100011001
1010011010001011100001110100
1011000011010001111000000111
1110001010001011100001110100
1000101100101110101010010010
0110010001101101100010101010
1010100010100010110110011001
0100110011001001101001001110
1010010010010011110010101010
0110100011011101000100011001
0011001101110001101001001100
1011000111000001111000000111
1001100001100100110011100101
0111000000111110001000010111
1101100010011011000011100001
0100011111100000111100100001
1001100001100100110011110001
0010110101001010010110101100
0011100110011000111100100001
0000111111000110001000100111
1011100100011000111100100001
1010100010100010110100111001
1000101100101110101010010010
1001001011001101100110001100
1110000110000100000001111111
0100110011001001111001001100
1000011000011111101100100001
1011100001100100110011100001
1011000011000011111000000111
1001011001010101010101010010
1101001001001101100110001100
1100010100110000101101101010
1100101100001000011110110100
1011000011000001111001000111
0101110011001001101001001100
1000110000110110011001101100
1001001001101101100110001100
0010011101101011000011100001
1010110000110110011001001100
0100110011101001101001001100
1010010010010011010010101110
1100100100100001001011111001
0110001001110100010001111100
0101110011001001101001001100
0110010001101100100110101010
1100001100001000011110110101
1110100110000100000000111111
0100110011001101101001001100
1010010010010011011010101010
1010110000110110011001001100
0100011011100000111100100011
1010011101100011000011100001
1100001101001000011110110100
1000101000101110101010011010
1100101100001000011110110100
1011000011000001111010000111
0011100100011001111100100001
0110001101110100010001110100
1000101001101110101010010010
0101001010111010010110001100
0000111111000110101000000111
1000011000011111001100100011
0110101101010010100101010010
0011100100011000111101100001
1001110000110110011001001100
1000111000110110011001001100
0110010001101100100110101010
0011010100101001011011010010
1101000101001010000111000111
0100110111001001101001001100
0111100000111110001000000111
1101000101000010001111000111
1010010010010011010011101010
1100101000101110101010010010
1010010010011011010010101010
0010101101011010100101010010
0110010001101101100010101010
1000011000011111001101100001
0101101011010001011010010010
1100100100100001011011011001
1101000101000010100111000111
1100100100100001101011011001
0001111110100101000100011001
1101100101000010000111000111
0100011011100100111100100001
0111000000111110001001000111
0111001001110100010001110100
0110101001110100010001110100
1101001100001000011110110100
0111100000111110001000000111
0001011110100101000100011101
0110101001011101000100011001
0100011011100100111100100001
0100011011100000111100100011
0001101110010100100010101110
1001101000101110101010010010
1010001011001011100001110100
0101010010101010100101011010
1000111111000110001000000111
0111000000111110011000000111
1101000101000010001111000111
0100101011010001011110010010
1100010100010100101101101010
1001100001100100110011100101
0011001100110101101001001100
0001011110101101000100011001
0101011011100000111100100001
1100110100010000101101101010
0111001010110010010110001100
1100010100010000111101101010
0101101010011011000011100001
0101100011011011000011100001
0010011101110011000011100001
0010110101001010010111001100
1101000101000011000111000111
0001101110011100100010101010
1110010001101100100010101010
0000111111010110001000000111
0010110101001010110110001100
0000111111001110001000000111
0010110101001010011110001100
0111010001101100100010101010
0101010010101110100101010010
0100111111000110001000000111
0100101011010001011010110010
0001011110100101000100111001
0011010100101001011010011010
1001001001001101100111001100
0010101101010010100101011010
0010110101001010011110001100
1001100001100100111011100001
0011001100110101101001001100
1001010001010101011101010010
1000101000101110101010010011
1110000110000100100000111111
1100100100110001001011011001
1011000011000001111000001111
0001101110010100100010101110
1011000011000001111000100111
0001110111001100010001110100
1000110000110111011001001100
1010011101100011000011100001
1001001001001101100110011100
0110010001101100101010101010
0001011110100111000100011001
0101011010101010100101010010
0011010100101001111010010010
0000111111000110001001000111
1100100100100001011011011001
0011010110101001011010010010
0111000000111110001001000111
1101000101000010100111000111
0100101011010001011010110010
1010001010001011101001110100
1000011001011111001100100001
0100111011010001011010010010
1100001100011000011110110100
0011100101011000111100100001
0001110111001100010001110100
0010111101100011000011100001
0010011101100011100011100001
0001011110110101000100011001
1010011010001011100001110100
1011000011010001111000000111
1110001010001011100001110100
1000101100101110101010010010
0110010001101101100010101010
1010100010100010110110011001
0100110011001001101001001110
1010010010010011110010101010
0110100011011101000100011001
0011001101110001101001001100
1011000111000001111000000111
1001100001100100110011100101
0111000000111110001000010111
1101100010011011000011100001
0100011111100000111100100001
1001100001100100110011110001
0010110101001010010110101100
0011100110011000111100100001
0000111111000110001000100111
1011100100011000111100100001
1010100010100010110100111001
1000101100101110101010010010
1001001011001101100110001100
1110000110000100000001111111
0100110011001001111001001100
1000011000011111101100100001
1011100001100100110011100001
1011000011000011111000000111
1001011001010101010101010010
1101001001001101100110001100
1100010100110000101101101010
1100101100001000011110110100
1011000011000001111001000111
0101110011001001101001001100
1000110000110110011001101100
1001001001101101100110001100
0010011101101011000011100001
1010110000110110011001001100
0100110011101001101001001100
1010010010010011010010101110
1100100100100001001011111001
0110001001110100010001111100
0101110011001001101001001100
0110010001101100100110101010
1100001100001000011110110101
1110100110000100000000111111
0100110011001101101001001100
1010010010010011011010101010
1010110000110110011001001100
0100011011100000111100100011
1010011101100011000011100001
1100001101001000011110110100
1000101000101110101010011010
1100101100001000011110110100
1011000011000001111010000111
0011100100011001111100100001
0110001101110100010001110100
1000101001101110101010010010
0101001010111010010110001100
0000111111000110101000000111
1000011000011111001100100011
0110101101010010100101010010
0011100100011000111101100001
1001110000110110011001001100
1000111000110110011001001100
0110010001101100100110101010
0011010100101001011011010010
1101000101001010000111000111
0100110111001001101001001100
0111100000111110001000000111
1101000101000010001111000111
1010010010010011010011101010
1100101000101110101010010010
1010010010011011010010101010
0010101101011010100101010010
0110010001101101100010101010
1000011000011111001101100001
0101101011010001011010010010
1100100100100001011011011001
1101000101000010100111000111
1100100100100001101011011001
0001111110100101000100011001
1101100101000010000111000111
0100011011100100111100100001
0111000000111110001001000111
0111001001110100010001110100
0110101001110100010001110100
1101001100001000011110110100
0111100000111110001000000111
0001011110100101000100011101
0110101001011101000100011001
0100011011100100111100100001
0100011011100000111100100011
0001101110010100100010101110
1001101000101110101010010010
1010001011001011100001110100
0101010010101010100101011010
1000111111000110001000000111
0111000000111110011000000111
1101000101000010001111000111
0100101011010001011110010010
1100010100010100101101101010
1001100001100100110011100101
0011001100110101101001001100
0001011110101101000100011001
0101011011100000111100100001
1100110100010000101101101010
0111001010110010010110001100
1100010100010000111101101010
0101101010011011000011100001
0101100011011011000011100001
0010011101110011000011100001
0010110101001010010111001100
1101000101000011000111000111
0001101110011100100010101010
1110010001101100100010101010
0000111111010110001000000111
0010110101001010110110001100
0000111111001110001000000111
0010110101001010011110001100
0111010001101100100010101010
0101010010101110100101010010
0100111111000110001000000111
0100101011010001011010110010
0001011110100101000100111001
0011010100101001011010011010
1001001001001101100111001100
0010101101010010100101011010
0010110101001010011110001100
1001100001100100111011100001
0011001100110101101001001100
1001010001010101011101010010
1000101000101110101010010011
1110000110000100100000111111
1100100100110001001011011001
1011000011000001111000001111
0001101110010100100010101110
1011000011000001111000100111
0001110111001100010001110100
1000110000110111011001001100
1010011101100011000011100001
1001001001001101100110011100
0110010001101100101010101010
0001011110100111000100011001
0101011010101010100101010010
0011010100101001111010010010
0000111111000110001001000111
1100100100100001011011011001
0011010110101001011010010010
0111000000111110001001000111
1101000101000010100111000111
0100101011010001011010110010
1010001010001011101001110100
1000011001011111001100100001
0100111011010001011010010010
1100001100011000011110110100
0011100101011000111100100001
0001110111001100010001110100
0010111101100011000011100001
0010011101100011100011100001
0001011110110101000100011001
1010011010001011100001110100
1011000011010001111000000111
1110001010001011100001110100
1000101100101110101010010010
0110010001101101100010101010
1010100010100010110110011001
0100110011001001101001001110
1010010010010011110010101010
0110100011011101000100011001
0011001101110001101001001100
1011000111000001111000000111
1001100001100100110011100101
0111000000111110001000010111
1101100010011011000011100001
0100011111100000111100100001
1001100001100100110011110001
0010110101001010010110101100
0011100110011000111100100001
0000111111000110001000100111
1011100100011000111100100001
1010100010100010110100111001
1000101100101110101010010010
1001001011001101100110001100
1110000110000100000001111111
0100110011001001111001001100
1000011000011111101100100001
1011100001100100110011100001
1011000011000011111000000111
1001011001010101010101010010
1101001001001101100110001100
1100010100110000101101101010
1100101100001000011110110100
1011000011000001111001000111
0101110011001001101001001100
1000110000110110011001101100
1001001001101101100110001100
0010011101101011000011100001
1010110000110110011001001100
0100110011101001101001001100
1010010010010011010010101110
1100100100100001001011111001
0110001001110100010001111100
0101110011001001101001001100
0110010001101100100110101010
1100001100001000011110110101
1110100110000100000000111111
0100110011001101101001001100
1010010010010011011010101010
1010110000110110011001001100
0100011011100000111100100011
1010011101100011000011100001
1100001101001000011110110100
1000101000101110101010011010
1100101100001000011110110100
1011000011000001111010000111
0011100100011001111100100001
0110001101110100010001110100
1000101001101110101010010010
0101001010111010010110001100
0000111111000110101000000111
1000011000011111001100100011
0110101101010010100101010010
0011100100011000111101100001
1001110000110110011001001100
1000111000110110011001001100
0110010001101100100110101010
0011010100101001011011010010
1101000101001010000111000111
0100110111001001101001001100
0111100000111110001000000111
1101000101000010001111000111
1010010010010011010011101010
1100101000101110101010010010
1010010010011011010010101010
0010101101011010100101010010
0110010001101101100010101010
1000011000011111001101100001
0101101011010001011010010010
1100100100100001011011011001
1101000101000010100111000111
1100100100100001101011011001
0001111110100101000100011001
1101100101000010000111000111
0100011011100100111100100001
0111000000111110001001000111
0111001001110100010001110100
0110101001110100010001110100
1101001100001000011110110100
0111100000111110001000000111
0001011110100101000100011101
0110101001011101000100011001
0100011011100100111100100001
0100011011100000111100100011
0001101110010100100010101110
1001101000101110101010010010
1010001011001011100001110100
0101010010101010100101011010
1000111111000110001000000111
0111000000111110011000000111
1101000101000010001111000111
0100101011010001011110010010
1100010100010100101101101010
1001100001100100110011100101
0011001100110101101001001100
0001011110101101000100011001
0101011011100000111100100001
1100110100010000101101101010
0111001010110010010110001100
1100010100010000111101101010
0101101010011011000011100001
0101100011011011000011100001
0010011101110011000011100001
0010110101001010010111001100
1101000101000011000111000111
0001101110011100100010101010
1110010001101100100010101010
0000111111010110001000000111
0010110101001010110110001100
0000111111001110001000000111
0010110101001010011110001100
0111010001101100100010101010
0101010010101110100101010010
0100111111000110001000000111
0100101011010001011010110010
0001011110100101000100111001
0011010100101001011010011010
1001001001001101100111001100
0010101101010010100101011010
0010110101001010011110001100
1001100001100100111011100001
0011001100110101101001001100
1001010001010101011101010010
1000101000101110101010010011
1110000110000100100000111111
1100100100110001001011011001
1011000011000001111000001111
0001101110010100100010101110
1011000011000001111000100111
0001110111001100010001110100
1000110000110111011001001100
1010011101100011000011100001
1001001001001101100110011100
0110010001101100101010101010
0001011110100111000100011001
0101011010101010100101010010
0011010100101001111010010010
0000111111000110001001000111
1100100100100001011011011001
0011010110101001011010010010
0111000000111110001001000111
1101000101000010100111000111
0100101011010001011010110010
1010001010001011101001110100
1000011001011111001100100001
0100111011010001011010010010
1100001100011000011110110100
0011100101011000111100100001
0001110111001100010001110100
0010111101100011000011100001
0010011101100011100011100001
0001011110110101000100011001
1010011010001011100001110100
1011000011010001111000000111
1110001010001011100001110100
1000101100101110101010010010
0110010001101101100010101010
1010100010100010110110011001
0100110011001001101001001110
1010010010010011110010101010
0110100011011101000100011001
0011001101110001101001001100
1011000111000001111000000111
1001100001100100110011100101
0111000000111110001000010111
1101100010011011000011100001
0100011111100000111100100001
1001100001100100110011110001
0010110101001010010110101100
0011100110011000111100100001
0000111111000110001000100111
1011100100011000111100100001
1010100010100010110100111001
1000101100101110101010010010
1001001011001101100110001100
1110000110000100000001111111
0100110011001001111001001100
1000011000011111101100100001
1011100001100100110011100001
1011000011000011111000000111
1001011001010101010101010010
1101001001001101100110001100
1100010100110000101101101010
1100101100001000011110110100
1011000011000001111001000111
0101110011001001101001001100
1000110000110110011001101100
1001001001101101100110001100
0010011101101011000011100001
1010110000110110011001001100
0100110011101001101001001100
1010010010010011010010101110
1100100100100001001011111001
0110001001110100010001111100
0101110011001001101001001100
0110010001101100100110101010
1100001100001000011110110101
1110100110000100000000111111
0100110011001101101001001100
1010010010010011011010101010
1010110000110110011001001100
0100011011100000111100100011
1010011101100011000011100001
1100001101001000011110110100
1000101000101110101010011010
1100101100001000011110110100
1011000011000001111010000111
0011100100011001111100100001
0110001101110100010001110100
1000101001101110101010010010
0101001010111010010110001100
0000111111000110101000000111
1000011000011111001100100011
0110101101010010100101010010
0011100100011000111101100001
1001110000110110011001001100
1000111000110110011001001100
0110010001101100100110101010
0011010100101001011011010010
1101000101001010000111000111
0100110111001001101001001100
0111100000111110001000000111
1101000101000010001111000111
1010010010010011010011101010
1100101000101110101010010010
1010010010011011010010101010
0010101101011010100101010010
0110010001101101100010101010
1000011000011111001101100001
0101101011010001011010010010
1100100100100001011011011001
1101000101000010100111000111
1100100100100001101011011001
0001111110100101000100011001
1101100101000010000111000111
0100011011100100111100100001
0111000000111110001001000111
0111001001110100010001110100
0110101001110100010001110100
1101001100001000011110110100
0111100000111110001000000111
0001011110100101000100011101
0110101001011101000100011001
0100011011100100111100100001
0100011011100000111100100011
0001101110010100100010101110
1001101000101110101010010010
1010001011001011100001110100
0101010010101010100101011010
1000111111000110001000000111
0111000000111110011000000111
1101000101000010001111000111
0100101011010001011110010010
1100010100010100101101101010
1001100001100100110011100101
0011001100110101101001001100
0001011110101101000100011001
0101011011100000111100100001
1100110100010000101101101010
0111001010110010010110001100
1100010100010000111101101010
0101101010011011000011100001
0101100011011011000011100001
0010011101110011000011100001
0010110101001010010111001100
1101000101000011000111000111
0001101110011100100010101010
1110010001101100100010101010
0000111111010110001000000111
0010110101001010110110001100
0000111111001110001000000111
0010110101001010011110001100
0111010001101100100010101010
0101010010101110100101010010
0100111111000110001000000111
0100101011010001011010110010
0001011110100101000100111001
0011010100101001011010011010
1001001001001101100111001100
0010101101010010100101011010
0010110101001010011110001100
1001100001100100111011100001
0011001100110101101001001100
1001010001010101011101010010
1000101000101110101010010011
1110000110000100100000111111
1100100100110001001011011001
1011000011000001111000001111
0001101110010100100010101110
1011000011000001111000100111
0001110111001100010001110100
1000110000110111011001001100
1010011101100011000011100001
1001001001001101100110011100
0110010001101100101010101010
0001011110100111000100011001
0101011010101010100101010010
0011010100101001111010010010
0000111111000110001001000111
1100100100100001011011011001
0011010110101001011010010010
0111000000111110001001000111
1101000101000010100111000111
0100101011010001011010110010
1010001010001011101001110100
1000011001011111001100100001
0100111011010001011010010010
1100001100011000011110110100
0011100101011000111100100001
0001110111001100010001110100
0010111101100011000011100001
0010011101100011100011100001
0001011110110101000100011001
1010011010001011100001110100
1011000011010001111000000111
1110001010001011100001110100
1000101100101110101010010010
0110010001101101100010101010
1010100010100010110110011001
0100110011001001101001001110
1010010010010011110010101010
0110100011011101000100011001
0011001101110001101001001100
1011000111000001111000000111
1001100001100100110011100101
0111000000111110001000010111
1101100010011011000011100001
0100011111100000111100100001
1001100001100100110011110001
0010110101001010010110101100
0011100110011000111100100001
0000111111000110001000100111
1011100100011000111100100001
1010100010100010110100111001
1000101100101110101010010010
1001001011001101100110001100
1110000110000100000001111111
0100110011001001111001001100
1000011000011111101100100001
1011100001100100110011100001
1011000011000011111000000111
1001011001010101010101010010
1101001001001101100110001100
1100010100110000101101101010
1100101100001000011110110100
1011000011000001111001000111
0101110011001001101001001100
1000110000110110011001101100
1001001001101101100110001100
0010011101101011000011100001
