14 12 19
14 13 19
14 14 19
14 15 19
14 13 20
14 17 23
14 18 24
14 35 34
14 6 35
14 36 35
14 40 35
14 43 37
14 12 39
14 13 39
14 63 45
14 68 46
14 72 47
14 35 48
14 74 48
14 76 48
14 78 48
14 79 48
14 79 49
14 82 50
14 84 50
14 85 50
14 86 50
14 87 50
14 88 50
14 86 51
14 88 51
14 89 51
14 90 51
14 91 51
14 94 53
14 96 53
14 98 53
14 99 54
14 103 55
14 105 55
14 65 56
14 66 56
14 109 56
14 110 56
14 71 57
14 113 57
14 115 57
14 116 57
14 117 57
14 118 57
14 119 57
14 118 58
14 121 58
14 122 58
14 132 61
14 133 61
14 134 61
14 135 61
14 136 61
14 138 62
14 150 64
14 153 64
14 154 64
14 155 64
14 156 64
14 157 64
14 158 64
14 159 64
14 157 65
14 158 65
14 159 65
14 160 65
14 170 67
14 174 68
14 175 68
14 181 69
14 183 69
14 184 69
14 185 69
14 186 69
14 189 70
14 190 70
14 191 70
14 192 70
14 200 72
14 201 72
14 202 72
14 203 72
14 208 73
14 214 74
14 216 74
14 217 74
14 232 76
14 238 77
14 239 77
14 246 78
14 247 78
14 248 78
14 255 79
14 256 79
14 257 79
14 258 79
14 262 80
14 272 81
14 273 81
14 274 81
14 281 82
14 282 82
14 283 82
14 284 82
14 287 83
14 288 83
14 289 83
14 294 84
14 304 85
14 305 85
14 306 85
14 312 86
14 313 86
14 321 87
14 12 19
14 13 19
14 14 19
14 15 19
14 13 20
14 17 23
14 18 24
14 35 34
14 6 35
14 36 35
14 40 35
14 43 37
14 12 39
14 13 39
14 63 45
14 68 46
14 72 47
14 35 48
14 74 48
14 76 48
14 78 48
14 79 48
14 79 49
14 82 50
14 84 50
14 85 50
14 86 50
14 87 50
14 88 50
14 86 51
14 88 51
14 89 51
14 90 51
14 91 51
14 94 53
14 96 53
14 98 53
14 99 54
14 103 55
14 105 55
14 65 56
14 66 56
14 109 56
14 110 56
14 71 57
14 113 57
14 115 57
14 116 57
14 117 57
14 118 57
14 119 57
14 118 58
14 121 58
14 122 58
14 132 61
14 133 61
14 134 61
14 135 61
14 136 61
14 138 62
14 150 64
14 153 64
14 154 64
14 155 64
14 156 64
14 157 64
14 158 64
14 159 64
14 157 65
14 158 65
14 159 65
14 160 65
14 170 67
14 174 68
14 175 68
14 181 69
14 183 69
14 184 69
14 185 69
14 186 69
14 189 70
14 190 70
14 191 70
14 192 70
14 200 72
14 201 72
14 202 72
14 203 72
14 208 73
14 214 74
14 216 74
14 217 74
14 232 76
14 238 77
14 239 77
14 246 78
14 247 78
14 248 78
14 255 79
14 256 79
14 257 79
14 258 79
14 262 80
14 272 81
14 273 81
14 274 81
14 281 82
14 282 82
14 283 82
14 284 82
14 287 83
14 288 83
14 289 83
14 294 84
14 304 85
14 305 85
14 306 85
14 312 86
14 313 86
14 321 87
15 3 7
15 16 23
15 18 25
15 19 25
15 21 28
15 30 33
15 38 37
15 5 38
15 40 38
15 46 41
15 47 41
15 48 42
15 12 43
15 13 43
15 60 46
15 61 46
15 62 46
15 63 46
15 64 46
15 64 47
15 64 48
15 66 48
15 71 50
15 75 51
15 76 51
15 82 53
15 83 53
15 84 53
15 85 53
15 88 54
15 48 56
15 94 56
15 96 56
15 97 56
15 97 57
15 98 57
15 106 58
15 106 59
15 63 60
15 113 61
15 114 61
15 116 61
15 74 62
15 120 62
15 121 62
15 79 63
15 83 64
15 86 65
15 87 65
15 140 66
15 143 67
15 151 68
15 155 69
15 161 70
15 127 72
15 172 72
15 173 72
15 174 72
15 179 73
15 193 75
15 205 77
15 169 78
15 211 78
15 213 78
15 214 78
15 215 78
15 216 78
15 217 78
15 220 79
15 225 80
15 227 80
15 229 80
15 191 81
15 232 81
15 233 81
15 234 81
15 239 82
15 240 82
15 241 82
15 243 82
15 254 84
15 256 84
15 257 84
15 258 84
15 263 85
15 264 85
15 274 86
15 281 87
15 289 88
15 290 88
15 299 89
15 306 90
15 314 91
15 316 91
15 323 92
15 324 92
15 325 92
15 326 92
15 333 93
15 334 93
15 370 97
15 371 97
15 378 98
15 389 99
15 390 99
15 391 99
15 398 100
15 399 100
15 408 101
16 10 18
16 11 20
16 19 27
16 26 33
16 27 33
16 28 33
16 28 34
16 30 35
16 34 37
16 35 37
16 36 37
16 35 38
16 4 39
16 36 39
16 38 40
16 40 40
16 43 42
16 44 42
16 47 44
16 49 44
16 12 45
16 55 47
16 58 48
16 20 50
16 62 50
16 63 50
16 64 50
16 68 51
16 69 51
16 31 54
16 76 54
16 78 54
16 37 57
16 39 57
16 91 58
16 93 60
16 96 60
16 97 60
16 98 60
16 99 60
16 52 61
16 102 61
16 108 63
16 67 65
16 116 65
16 118 65
16 119 65
16 120 65
16 121 65
16 70 66
16 71 66
16 122 66
16 79 68
16 129 68
16 133 68
16 134 68
16 87 70
16 139 70
16 146 71
16 147 71
16 149 71
16 150 71
16 151 72
16 103 73
16 155 73
16 156 73
16 158 73
16 159 73
16 160 74
16 162 74
16 163 74
16 164 74
16 114 75
16 170 76
16 178 77
16 179 77
16 180 77
16 131 78
16 183 78
16 184 78
16 186 78
16 188 78
16 189 78
16 190 78
16 194 80
16 196 80
16 197 80
16 151 81
16 207 82
16 208 82
16 209 82
16 211 82
16 216 83
16 218 83
16 178 85
16 235 86
16 236 86
16 237 86
16 238 86
16 250 88
16 251 88
16 252 88
16 253 88
16 268 91
16 269 91
16 286 93
16 288 93
16 289 93
16 294 94
16 295 94
16 297 94
16 298 94
16 304 95
16 305 95
16 313 96
16 314 96
16 328 98
16 331 98
16 333 98
16 334 98
16 335 98
16 336 98
16 337 98
16 338 98
16 336 99
16 337 99
16 365 102
16 367 102
16 368 102
16 369 102
16 376 103
16 377 103
16 378 103
16 379 103
16 383 104
16 396 105
16 397 105
16 398 105
16 399 105
16 401 105
16 402 105
16 404 106
16 409 106
16 410 106
16 415 107
16 416 107
16 435 109
16 436 109
16 448 110
16 449 110
16 467 112
16 468 112
16 476 113
16 479 113
16 480 113
16 481 113
16 482 113
16 488 114
16 489 114
16 490 114
16 498 115
16 499 115
16 509 116
17 9 16
17 21 28
17 19 29
17 32 38
17 35 38
17 35 39
17 36 39
17 37 39
17 38 39
17 6 42
17 40 43
17 44 44
17 45 44
17 46 44
17 45 45
17 46 45
17 13 48
17 52 49
17 56 50
17 57 50
17 58 50
17 59 50
17 60 50
17 61 50
17 62 50
17 63 50
17 59 51
17 60 51
17 62 53
17 65 53
17 66 53
17 67 53
17 23 55
17 24 55
17 70 55
17 71 55
17 29 57
17 74 57
17 75 57
17 78 58
17 79 58
17 84 60
17 85 60
17 86 61
17 87 61
17 89 61
17 90 61
17 95 63
17 96 63
17 104 65
17 105 65
17 106 65
17 107 65
17 108 65
17 109 65
17 110 65
17 111 65
17 54 66
17 107 66
17 108 66
17 110 67
17 112 68
17 113 68
17 114 68
17 115 68
17 119 69
17 120 69
17 121 69
17 122 69
17 123 69
17 124 70
17 126 70
17 127 70
17 128 70
17 130 70
17 131 70
17 132 70
17 126 71
17 127 71
17 128 71
17 129 71
17 130 71
17 134 73
17 137 73
17 138 73
17 140 74
17 143 74
17 144 74
17 87 75
17 88 75
17 145 75
17 147 75
17 148 75
17 149 75
17 150 75
17 151 75
17 152 75
17 153 75
17 154 75
17 155 75
17 150 76
17 151 76
17 97 77
17 98 77
17 152 77
17 154 77
17 104 78
17 109 79
17 113 80
17 114 80
17 171 80
17 172 80
17 175 81
17 177 81
17 178 81
17 124 82
17 125 82
17 181 82
17 183 82
17 184 82
17 184 83
17 185 83
17 188 83
17 194 84
17 196 84
17 197 84
17 141 85
17 147 86
17 153 87
17 209 87
17 211 87
17 212 87
17 217 88
17 164 89
17 234 91
17 238 91
17 239 91
17 240 91
17 241 92
17 193 93
17 250 93
17 251 93
17 252 93
17 253 93
17 253 94
17 257 94
17 258 94
17 262 95
17 263 95
17 264 95
17 265 95
17 267 95
17 268 95
17 269 95
17 270 95
17 271 95
17 272 95
17 272 96
17 274 96
17 222 97
17 223 97
17 278 97
17 279 97
17 281 97
17 282 97
17 284 98
17 293 99
17 294 99
17 310 101
17 312 101
17 313 101
17 314 101
17 315 101
17 316 101
17 317 101
17 266 102
17 315 102
17 318 102
17 325 103
17 326 103
17 327 103
17 328 103
17 330 103
17 331 103
17 283 104
17 339 105
17 342 105
17 343 105
17 345 105
17 349 106
17 351 106
17 352 106
17 353 106
17 358 107
17 368 108
17 369 108
17 370 108
17 375 109
17 341 110
17 389 110
17 398 111
17 399 111
17 400 111
17 405 112
17 406 112
17 407 112
17 424 114
17 426 114
17 427 114
17 438 115
17 439 115
17 440 115
17 454 117
17 457 117
17 458 117
17 459 117
17 467 118
17 468 118
17 469 118
17 470 118
17 480 119
17 481 119
17 487 120
17 498 121
17 500 121
17 501 121
17 509 122
17 510 122
17 521 123
17 522 123
17 523 123
17 543 125
17 545 125
17 546 125
17 556 126
17 568 127
17 579 128
17 580 128
17 589 129
17 602 130
17 603 130
17 604 130
17 613 131
17 614 131
17 625 132
18 21 31
18 22 31
18 29 37
18 29 38
18 30 38
18 30 39
18 32 39
18 32 40
18 38 44
18 41 45
18 42 45
18 44 47
18 45 47
18 7 48
18 8 48
18 9 48
18 46 48
18 47 49
18 49 49
18 50 49
18 53 50
18 54 50
18 54 52
18 55 52
18 17 54
18 19 55
18 62 55
18 64 55
18 65 55
18 66 55
18 62 56
18 63 56
18 64 56
18 66 56
18 68 56
18 69 56
18 24 58
18 69 58
18 70 58
18 72 58
18 70 59
18 71 59
18 72 59
18 73 59
18 74 59
18 75 59
18 76 59
18 77 59
18 78 59
18 79 59
18 80 59
18 76 60
18 77 60
18 76 61
18 80 62
18 82 62
18 83 62
18 36 64
18 37 64
18 87 64
18 89 64
18 94 66
18 95 66
18 96 66
18 97 66
18 98 66
18 99 66
18 100 66
18 96 67
18 98 67
18 99 67
18 100 67
18 101 67
18 102 67
18 103 67
18 47 68
18 98 68
18 100 68
18 101 68
18 103 69
18 104 69
18 106 69
18 107 69
18 109 69
18 110 69
18 107 70
18 109 70
18 110 70
18 111 70
18 112 70
18 113 70
18 114 70
18 111 71
18 112 71
18 61 72
18 116 72
18 121 73
18 122 73
18 69 75
18 128 75
18 130 75
18 131 75
18 132 75
18 73 76
18 74 76
18 130 76
18 134 76
18 135 76
18 135 77
18 136 77
18 138 77
18 139 77
18 141 78
18 142 78
18 146 79
18 144 80
18 148 80
18 149 80
18 150 80
18 152 80
18 153 80
18 154 80
18 155 80
18 156 80
18 157 80
18 158 80
18 95 82
18 96 82
18 97 82
18 98 82
18 100 82
18 159 82
18 102 83
18 103 83
18 166 84
18 169 84
18 171 84
18 172 84
18 174 85
18 175 85
18 176 85
18 177 85
18 178 85
18 179 85
18 180 85
18 181 85
18 182 85
18 183 85
18 184 85
18 185 85
18 186 85
18 187 85
18 188 85
18 189 85
18 190 85
18 191 85
18 192 85
18 193 85
18 115 86
18 116 86
18 117 86
18 176 86
18 178 86
18 179 86
18 180 86
18 181 86
18 182 86
18 183 86
18 119 87
18 120 87
18 121 87
18 122 87
18 128 88
18 189 88
18 191 88
18 192 88
18 193 88
18 194 88
18 196 88
18 197 88
18 198 88
18 199 88
18 194 89
18 195 89
18 198 89
18 200 89
18 198 90
18 199 90
18 202 90
18 203 90
18 204 90
18 206 91
18 213 92
18 214 92
18 215 92
18 156 93
18 157 93
18 217 93
18 223 94
18 224 94
18 225 94
18 229 95
18 230 95
18 231 95
18 232 95
18 234 95
18 175 96
18 243 97
18 244 97
18 247 98
18 248 98
18 249 98
18 257 99
18 259 99
18 260 99
18 261 99
18 262 99
18 263 99
18 264 99
18 265 99
18 266 99
18 262 100
18 263 100
18 264 100
18 266 100
18 267 100
18 268 100
18 270 101
18 214 102
18 215 102
18 276 102
18 277 102
18 278 102
18 285 103
18 286 103
18 287 103
18 239 105
18 297 105
18 298 105
18 299 105
18 300 105
18 313 107
18 314 107
18 317 107
18 318 107
18 319 107
18 323 108
18 324 108
18 326 108
18 330 109
18 278 110
18 336 110
18 338 110
18 339 110
18 345 111
18 347 111
18 348 111
18 349 111
18 351 111
18 352 111
18 353 111
18 354 111
18 355 111
18 304 113
18 359 113
18 361 113
18 362 113
18 367 114
18 370 114
18 372 114
18 379 115
18 381 115
18 382 115
18 384 115
18 385 115
18 386 115
18 387 115
18 388 115
18 389 115
18 331 116
18 332 116
18 389 116
18 390 116
18 391 116
18 398 117
18 399 117
18 401 117
18 406 118
18 408 118
18 410 118
18 413 119
18 416 119
18 417 119
18 371 120
18 423 120
18 425 120
18 433 121
18 436 121
18 437 121
18 438 121
18 439 121
18 440 121
18 444 122
18 455 123
18 457 123
18 459 123
18 460 123
18 461 123
18 462 123
18 463 123
18 464 124
18 473 125
18 475 125
18 477 125
18 495 127
18 496 127
18 505 128
18 507 128
18 508 128
18 509 128
18 510 128
18 511 128
18 516 129
18 518 129
18 519 129
18 520 129
18 521 129
18 484 130
18 539 131
18 540 131
18 541 131
18 548 132
18 571 134
18 581 135
18 596 136
18 597 136
18 605 137
18 606 137
18 619 138
18 645 140
18 646 140
18 647 140
18 667 142
18 682 143
18 683 143
18 684 143
18 692 144
18 707 145
18 708 145
18 718 146
18 721 146
18 722 146
18 723 146
18 724 146
18 732 147
18 733 147
18 734 147
18 744 148
18 745 148
18 757 149
19 11 23
19 13 26
19 209 96
19 210 96
19 211 96
19 212 96
19 209 97
19 214 97
19 154 98
19 225 99
19 226 99
19 228 99
19 229 99
19 230 99
19 231 99
19 232 99
19 233 99
19 234 99
19 235 99
19 164 100
19 165 100
19 231 100
19 232 100
19 234 100
19 234 101
19 239 101
19 242 102
19 179 103
19 180 103
19 181 103
19 184 103
19 249 103
19 252 103
19 184 104
19 185 104
19 186 104
19 257 104
19 258 104
19 259 104
19 260 104
19 261 104
19 262 104
19 263 104
19 264 104
19 264 106
19 266 106
19 267 106
19 269 106
19 271 106
19 272 106
19 274 106
19 275 106
19 207 107
19 209 107
19 272 107
19 276 107
19 277 107
19 280 108
19 282 108
19 290 109
19 294 110
19 296 110
19 297 110
19 227 111
19 228 111
19 229 111
19 230 111
19 231 111
19 232 111
19 233 111
19 234 111
19 309 112
19 311 112
19 312 112
19 318 113
19 320 113
19 257 114
19 259 114
19 326 114
19 266 115
19 331 115
19 334 115
19 335 115
19 336 115
19 273 116
19 340 116
19 341 116
19 342 116
19 344 116
19 345 116
19 347 117
19 349 117
19 351 117
19 353 117
19 289 118
19 355 118
19 357 118
19 359 118
19 361 118
19 362 118
19 363 118
19 364 118
19 365 118
19 366 118
19 367 118
19 368 118
19 369 118
19 370 118
19 371 118
19 372 118
19 373 118
19 374 118
19 375 118
19 376 118
19 298 119
19 365 119
19 366 119
19 367 119
19 368 119
19 370 120
19 375 120
19 376 120
19 377 120
19 378 120
19 379 120
19 381 121
19 384 121
19 387 121
19 388 121
19 389 121
19 390 121
19 386 122
19 391 122
19 392 122
19 393 122
19 331 123
19 332 123
19 404 124
19 408 124
19 352 125
19 415 125
19 362 126
19 421 126
19 424 126
19 370 127
19 433 127
19 434 127
19 435 127
19 443 128
19 450 129
19 453 129
19 400 130
19 461 130
19 462 130
19 481 132
19 482 132
19 432 133
19 489 133
19 493 133
19 494 133
19 496 133
19 497 133
19 498 133
19 499 133
19 500 133
19 501 133
19 502 133
19 503 133
19 498 134
19 500 134
19 504 134
19 505 134
19 506 134
19 451 135
19 453 135
19 509 135
19 518 136
19 519 136
19 520 136
19 530 137
19 532 137
19 533 137
19 544 138
19 552 139
19 553 139
19 554 139
19 557 139
19 558 139
19 559 139
19 560 139
19 561 139
19 562 139
19 563 139
19 564 139
19 565 139
19 566 139
19 563 140
19 573 141
19 576 141
19 586 142
19 587 142
19 588 142
19 589 142
19 590 142
19 592 142
19 593 142
19 547 143
19 596 143
19 598 143
19 609 144
19 610 144
19 611 144
19 621 145
19 622 145
19 624 145
19 625 145
19 585 146
19 632 146
19 635 146
19 642 147
19 643 147
19 652 148
19 655 148
19 656 148
19 665 149
19 680 150
19 681 150
19 682 150
19 683 150
19 692 151
19 695 151
19 696 151
19 697 151
19 698 151
19 699 151
19 700 151
19 701 151
19 702 151
19 703 151
19 704 151
19 705 151
19 706 151
19 707 151
19 715 153
19 717 153
19 727 154
19 729 154
19 756 156
19 770 157
19 771 157
19 772 157
19 784 158
19 785 158
19 786 158
19 787 158
19 788 158
19 799 159
19 825 161
19 826 161
19 827 161
19 837 162
19 864 164
19 892 166
19 893 166
19 906 167
20 6 14
20 11 23
20 12 26
20 14 26
20 14 28
20 18 33
20 19 33
20 20 33
20 23 37
20 24 37
20 25 37
20 24 38
20 25 38
20 26 39
20 27 39
20 28 39
20 27 42
20 29 42
20 30 42
20 31 42
20 32 42
20 33 42
20 30 44
20 33 44
20 34 44
20 34 46
20 37 47
20 36 48
20 37 49
20 45 52
20 46 53
20 47 53
20 49 54
20 50 54
20 50 55
20 52 55
20 10 56
20 11 56
20 52 56
20 10 57
20 11 57
20 14 59
20 57 59
20 17 61
20 63 61
20 19 62
20 62 62
20 66 62
20 67 62
20 68 63
20 71 64
20 72 64
20 73 64
20 24 65
20 72 65
20 73 65
20 74 65
20 75 65
20 25 66
20 73 66
20 74 66
20 76 66
20 79 67
20 80 67
20 80 68
20 82 68
20 83 68
20 81 69
20 83 69
20 84 69
20 32 70
20 33 70
20 91 72
20 92 72
20 94 72
20 95 72
20 98 73
20 99 73
20 47 76
20 103 76
20 105 76
20 107 76
20 106 77
20 107 77
20 108 77
20 107 78
20 110 78
20 111 78
20 113 78
20 114 79
20 116 79
20 59 80
20 115 80
20 60 81
20 122 81
20 123 81
20 124 81
20 125 81
20 126 81
20 127 81
20 128 81
20 66 82
20 122 82
20 126 82
20 127 82
20 128 83
20 131 83
20 132 83
20 133 84
20 134 84
20 135 84
20 73 85
20 74 85
20 137 85
20 139 85
20 140 85
20 141 85
20 143 85
20 76 86
20 77 86
20 142 86
20 81 87
20 142 87
20 145 87
20 148 87
20 149 87
20 150 87
20 151 87
20 152 87
20 153 87
20 84 88
20 146 88
20 151 88
20 153 88
20 154 88
20 155 88
20 156 88
20 155 89
20 157 89
20 158 89
20 159 89
20 88 90
20 89 90
20 90 90
20 158 90
20 162 91
20 164 91
20 165 91
20 166 91
20 167 91
20 168 91
20 169 91
20 170 91
20 97 92
20 100 92
20 166 92
20 102 93
20 103 93
20 104 93
20 170 93
20 172 93
20 173 94
20 184 96
20 187 97
20 190 97
20 194 97
20 195 97
20 125 98
20 126 98
20 194 98
20 197 98
20 198 99
20 200 99
20 201 99
20 203 99
20 134 100
20 135 100
20 137 100
20 204 100
20 140 101
20 141 101
20 212 101
20 213 101
20 217 101
20 218 101
20 219 101
20 220 101
20 221 101
20 222 101
20 223 101
20 224 101
20 214 102
20 216 102
20 217 102
20 218 102
20 219 102
20 220 102
20 221 102
20 219 103
20 221 103
20 224 103
20 225 103
20 226 103
20 227 103
20 228 103
20 229 103
20 224 104
20 230 105
20 232 105
20 233 105
20 234 105
20 238 106
20 240 107
20 244 107
20 245 107
20 246 107
20 176 108
20 177 108
20 178 108
20 245 108
20 248 108
20 251 108
20 252 108
20 180 109
20 181 109
20 182 109
20 184 109
20 253 109
20 255 109
20 256 109
20 261 110
20 262 110
20 270 111
20 271 111
20 272 111
20 273 111
20 274 111
20 275 111
20 275 112
20 206 113
20 208 113
20 281 113
20 295 115
20 299 116
20 300 116
20 301 116
20 304 116
20 312 118
20 315 118
20 321 119
20 323 119
20 324 119
20 328 120
20 263 121
20 337 121
20 344 122
20 276 123
20 277 123
20 278 123
20 349 123
20 352 123
20 353 123
20 354 124
20 359 124
20 360 124
20 361 124
20 363 125
20 369 125
20 370 125
20 373 126
20 375 126
20 310 127
20 380 127
20 382 127
20 384 127
20 385 127
20 390 128
20 392 128
20 393 128
20 394 128
20 395 128
20 396 129
20 403 130
20 405 130
20 408 130
20 409 130
20 414 131
20 350 132
20 425 132
20 426 132
20 427 132
20 430 132
20 431 132
20 361 133
20 432 133
20 433 133
20 368 134
20 369 134
20 371 134
20 437 134
20 439 134
20 441 134
20 379 135
20 387 136
20 389 136
20 459 136
20 465 137
20 467 137
20 468 137
20 469 137
20 470 137
20 477 138
20 485 139
20 437 141
20 503 141
20 507 141
20 515 142
20 516 142
20 517 142
20 518 142
20 519 142
20 520 142
20 521 142
20 522 142
20 523 142
20 522 143
20 525 143
20 527 143
20 528 143
20 529 143
20 530 143
20 531 143
20 532 143
20 533 143
20 534 143
20 535 143
20 536 143
20 532 144
20 533 144
20 534 144
20 535 144
20 537 144
20 480 145
20 544 145
20 545 145
20 546 145
20 556 146
20 557 146
20 558 146
20 559 146
20 560 146
20 567 147
20 569 147
20 570 147
20 575 148
20 576 148
20 579 148
20 580 148
20 581 148
20 582 148
20 523 149
20 585 149
20 588 149
20 589 149
20 590 149
20 596 150
20 597 150
20 599 150
20 600 150
20 601 150
20 605 151
20 607 151
20 619 152
20 630 153
20 631 153
20 633 153
20 635 153
20 636 153
20 637 153
20 583 154
20 584 154
20 641 154
20 645 154
20 654 155
20 655 155
20 664 156
20 666 156
20 667 156
20 668 156
20 669 156
20 676 157
20 678 157
20 679 157
20 680 157
20 682 157
20 683 157
20 684 157
20 685 157
20 685 158
20 689 158
20 690 158
20 691 158
20 692 158
20 693 158
20 694 158
20 695 158
20 697 158
20 698 158
20 699 158
20 700 158
20 701 158
20 702 158
20 703 158
20 704 158
20 705 158
20 698 159
20 702 159
20 703 159
20 704 159
20 660 160
20 711 160
20 713 160
20 716 160
20 717 160
20 718 160
20 719 160
20 720 160
20 673 161
20 726 161
20 727 161
20 728 161
20 729 161
20 738 162
20 739 162
20 740 162
20 750 163
20 751 163
20 763 164
20 765 164
20 766 164
20 789 166
20 790 166
20 813 168
20 814 168
20 816 168
20 786 169
20 827 169
20 829 169
20 830 169
20 831 169
20 801 170
20 855 171
20 857 171
20 832 172
20 867 172
20 881 173
20 884 173
20 910 175
20 925 176
20 953 178
20 968 179
20 984 180
20 985 180
20 986 180
20 987 180
20 988 180
20 989 180
20 999 181
20 1000 181
20 1028 183
20 1058 185
20 1059 185
20 1073 186
