5 3 6
6 3 6
6 1 9
6 6 9
6 8 10
6 9 10
6 9 11
7 3 6
7 6 9
7 8 10
7 9 10
7 9 11
7 1 12
7 14 14
7 15 14
7 15 15
7 17 15
7 18 15
7 19 15
7 18 16
7 19 16
7 20 17
8 3 6
8 6 9
8 8 10
8 9 10
8 9 11
8 14 14
8 15 14
8 1 15
8 15 15
8 17 15
8 18 15
8 19 15
8 1 16
8 2 16
8 18 16
8 19 16
8 5 17
8 24 19
8 27 20
8 28 20
8 29 20
8 28 21
8 29 21
8 31 21
8 32 21
8 33 21
8 34 21
8 32 22
8 33 22
8 34 22
8 34 23
8 35 23
8 37 24
9 3 6
9 6 9
9 8 10
9 9 10
9 9 11
9 14 14
9 15 14
9 15 15
9 1 19
9 24 19
9 27 20
9 28 20
9 29 20
9 5 21
9 28 21
9 29 21
9 32 22
9 33 22
9 34 22
9 34 23
9 37 24
9 42 26
9 43 26
9 28 27
9 43 27
9 46 27
9 47 27
9 48 27
9 49 27
9 47 28
9 48 28
9 49 28
9 51 28
9 52 28
9 53 28
9 54 28
9 55 28
9 49 29
9 52 29
9 53 29
9 54 29
9 55 29
9 54 30
9 55 30
9 56 30
9 57 31
9 58 31
9 61 32
10 3 6
10 6 9
10 9 11
10 15 15
10 20 18
10 32 23
10 37 25
10 49 29
10 52 30
10 58 31
10 37 33
10 61 33
10 67 34
10 68 34
10 69 34
10 68 35
10 69 35
10 73 36
10 74 36
10 75 36
10 76 36
10 78 36
10 79 36
10 80 36
10 81 36
10 82 36
10 83 36
10 75 37
10 76 37
10 79 37
10 80 37
10 81 37
10 82 37
10 83 37
10 78 38
10 81 38
10 82 38
10 83 38
10 84 38
10 84 39
10 85 39
10 86 39
10 88 40
10 89 40
10 93 41
11 3 6
11 6 9
11 15 16
11 27 22
11 1 25
11 20 33
11 88 41
11 93 42
11 95 42
11 101 44
11 102 44
11 103 44
11 103 45
11 107 45
11 108 45
11 109 45
11 110 45
11 111 45
11 109 46
11 110 46
11 111 46
11 112 47
11 113 47
11 116 47
11 117 47
11 118 47
11 119 47
11 120 47
11 116 48
11 119 48
11 120 48
11 121 48
11 122 48
11 123 49
11 124 49
11 125 49
11 128 50
11 129 50
11 134 51
12 3 6
12 6 9
12 9 12
12 17 18
12 25 23
12 38 28
12 45 31
12 46 31
12 47 31
12 9 33
12 50 33
12 51 33
12 52 33
12 12 34
12 55 35
12 62 37
12 64 37
12 66 38
12 78 41
12 43 43
12 98 46
12 129 52
12 130 52
12 137 53
12 138 53
12 109 54
12 145 55
12 146 55
12 147 55
12 148 56
12 155 57
12 156 57
12 157 57
12 158 57
12 159 58
12 160 58
12 163 58
12 164 58
12 165 58
12 166 58
12 167 58
12 164 59
12 167 59
12 168 59
12 169 59
12 170 59
12 172 60
12 173 60
12 174 60
12 178 61
12 179 61
12 185 62
13 3 6
13 6 9
13 9 12
13 12 15
13 37 30
13 40 31
13 10 36
13 72 42
13 73 43
13 83 45
13 84 45
13 85 45
13 86 45
13 95 48
13 96 48
13 103 50
13 108 51
13 109 51
13 110 51
13 114 52
13 122 54
13 129 55
13 133 56
13 135 56
13 137 56
13 138 56
13 139 56
13 140 56
13 141 56
13 142 56
13 138 57
13 139 57
13 141 57
13 142 57
13 151 59
13 158 60
13 170 62
13 181 64
13 188 65
13 189 65
13 190 65
13 192 65
13 193 65
13 194 65
13 195 65
13 196 65
13 197 65
13 198 65
13 199 65
13 191 66
13 197 66
13 198 66
13 199 66
13 200 66
13 200 67
13 201 67
13 202 67
13 204 68
13 208 68
13 209 68
13 210 68
13 211 68
13 212 68
13 212 69
13 213 69
13 214 69
13 217 70
13 218 70
13 221 70
13 222 70
13 223 70
13 224 70
13 225 70
13 223 71
13 226 71
13 227 71
13 228 71
13 229 71
13 232 72
13 233 72
13 234 72
13 239 73
13 240 73
13 247 74
