10 10000000
4.47813
0 9915815 3
1 84185 3
2 0 3
3 0 3
4 0 3
5 0 3
6 0 3
7 0 3
8 0 3
9 0 3
10 0 3
11 0 3
12 0 3
13 0 3
14 0 3
15 0 3
16 0 3
17 0 3
18 0 3
19 0 3
20 0 3
21 0 3
22 0 3
23 0 3
24 0 3
25 0 3
26 0 3
27 0 3
28 0 3
29 0 3
30 0 3
31 0 3
32 0 3
33 0 3
34 0 3
35 0 3
36 0 3
37 0 3
38 0 3
39 0 3
40 0 3
41 0 3
42 0 3
43 0 3
44 0 3
45 0 3
46 0 3
47 0 3
48 0 3
49 0 3
50 0 3
51 0 3
52 0 3
53 0 3
54 0 3
55 0 3
56 0 3
57 0 3
58 0 3
59 0 3
60 0 3
61 0 3
62 0 3
63 0 3
64 0 3
65 0 3
66 0 3
67 0 3
68 0 3
69 0 3
70 0 3
71 0 3
72 0 3
73 0 3
74 0 3
75 0 3
76 0 3
77 0 3
78 0 3
79 0 3
80 0 3
81 0 3
82 0 3
83 0 3
84 0 3
85 0 3
86 0 3
87 0 3
88 0 3
89 0 3
90 0 3
91 0 3
92 0 3
93 0 3
94 0 3
95 0 3
96 0 3
97 0 3
98 0 3
99 0 3
100 0 3
101 0 3
102 0 3
103 0 3
104 0 3
105 0 3
106 0 3
107 0 3
108 0 3
109 0 3
110 0 3
111 0 3
112 0 3
113 0 3
114 0 3
115 0 3
116 0 3
117 0 3
118 0 3
119 0 3
120 0 3

4.82755
0 9660668 4
1 339332 4
2 0 4
3 0 4
4 0 4
5 0 4
6 0 4
7 0 4
8 0 4
9 0 4
10 0 4
11 0 4
12 0 4
13 0 4
14 0 4
15 0 4
16 0 4
17 0 4
18 0 4
19 0 4
20 0 4
21 0 4
22 0 4
23 0 4
24 0 4
25 0 4
26 0 4
27 0 4
28 0 4
29 0 4
30 0 4
31 0 4
32 0 4
33 0 4
34 0 4
35 0 4
36 0 4
37 0 4
38 0 4
39 0 4
40 0 4
41 0 4
42 0 4
43 0 4
44 0 4
45 0 4
46 0 4
47 0 4
48 0 4
49 0 4
50 0 4
51 0 4
52 0 4
53 0 4
54 0 4
55 0 4
56 0 4
57 0 4
58 0 4
59 0 4
60 0 4
61 0 4
62 0 4
63 0 4
64 0 4
65 0 4
66 0 4
67 0 4
68 0 4
69 0 4
70 0 4
71 0 4
72 0 4
73 0 4
74 0 4
75 0 4
76 0 4
77 0 4
78 0 4
79 0 4
80 0 4
81 0 4
82 0 4
83 0 4
84 0 4
85 0 4
86 0 4
87 0 4
88 0 4
89 0 4
90 0 4
91 0 4
92 0 4
93 0 4
94 0 4
95 0 4
96 0 4
97 0 4
98 0 4
99 0 4
100 0 4
101 0 4
102 0 4
103 0 4
104 0 4
105 0 4
106 0 4
107 0 4
108 0 4
109 0 4
110 0 4
111 0 4
112 0 4
113 0 4
114 0 4
115 0 4
116 0 4
117 0 4
118 0 4
119 0 4
120 0 4

4.99076
0 9165750 5
1 823903 5
2 10347 5
3 0 5
4 0 5
5 0 5
6 0 5
7 0 5
8 0 5
9 0 5
10 0 5
11 0 5
12 0 5
13 0 5
14 0 5
15 0 5
16 0 5
17 0 5
18 0 5
19 0 5
20 0 5
21 0 5
22 0 5
23 0 5
24 0 5
25 0 5
26 0 5
27 0 5
28 0 5
29 0 5
30 0 5
31 0 5
32 0 5
33 0 5
34 0 5
35 0 5
36 0 5
37 0 5
38 0 5
39 0 5
40 0 5
41 0 5
42 0 5
43 0 5
44 0 5
45 0 5
46 0 5
47 0 5
48 0 5
49 0 5
50 0 5
51 0 5
52 0 5
53 0 5
54 0 5
55 0 5
56 0 5
57 0 5
58 0 5
59 0 5
60 0 5
61 0 5
62 0 5
63 0 5
64 0 5
65 0 5
66 0 5
67 0 5
68 0 5
69 0 5
70 0 5
71 0 5
72 0 5
73 0 5
74 0 5
75 0 5
76 0 5
77 0 5
78 0 5
79 0 5
80 0 5
81 0 5
82 0 5
83 0 5
84 0 5
85 0 5
86 0 5
87 0 5
88 0 5
89 0 5
90 0 5
91 0 5
92 0 5
93 0 5
94 0 5
95 0 5
96 0 5
97 0 5
98 0 5
99 0 5
100 0 5
101 0 5
102 0 5
103 0 5
104 0 5
105 0 5
106 0 5
107 0 5
108 0 5
109 0 5
110 0 5
111 0 5
112 0 5
113 0 5
114 0 5
115 0 5
116 0 5
117 0 5
118 0 5
119 0 5
120 0 5

5.19198
0 8377148 6
1 1554914 6
2 67690 6
3 0 6
4 248 6
5 0 6
6 0 6
7 0 6
8 0 6
9 0 6
10 0 6
11 0 6
12 0 6
13 0 6
14 0 6
15 0 6
16 0 6
17 0 6
18 0 6
19 0 6
20 0 6
21 0 6
22 0 6
23 0 6
24 0 6
25 0 6
26 0 6
27 0 6
28 0 6
29 0 6
30 0 6
31 0 6
32 0 6
33 0 6
34 0 6
35 0 6
36 0 6
37 0 6
38 0 6
39 0 6
40 0 6
41 0 6
42 0 6
43 0 6
44 0 6
45 0 6
46 0 6
47 0 6
48 0 6
49 0 6
50 0 6
51 0 6
52 0 6
53 0 6
54 0 6
55 0 6
56 0 6
57 0 6
58 0 6
59 0 6
60 0 6
61 0 6
62 0 6
63 0 6
64 0 6
65 0 6
66 0 6
67 0 6
68 0 6
69 0 6
70 0 6
71 0 6
72 0 6
73 0 6
74 0 6
75 0 6
76 0 6
77 0 6
78 0 6
79 0 6
80 0 6
81 0 6
82 0 6
83 0 6
84 0 6
85 0 6
86 0 6
87 0 6
88 0 6
89 0 6
90 0 6
91 0 6
92 0 6
93 0 6
94 0 6
95 0 6
96 0 6
97 0 6
98 0 6
99 0 6
100 0 6
101 0 6
102 0 6
103 0 6
104 0 6
105 0 6
106 0 6
107 0 6
108 0 6
109 0 6
110 0 6
111 0 6
112 0 6
113 0 6
114 0 6
115 0 6
116 0 6
117 0 6
118 0 6
119 0 6
120 0 6

5.44355
0 7301816 7
1 2448446 7
2 244059 7
3 3839 7
4 1840 7
5 0 7
6 0 7
7 0 7
8 0 7
9 0 7
10 0 7
11 0 7
12 0 7
13 0 7
14 0 7
15 0 7
16 0 7
17 0 7
18 0 7
19 0 7
20 0 7
21 0 7
22 0 7
23 0 7
24 0 7
25 0 7
26 0 7
27 0 7
28 0 7
29 0 7
30 0 7
31 0 7
32 0 7
33 0 7
34 0 7
35 0 7
36 0 7
37 0 7
38 0 7
39 0 7
40 0 7
41 0 7
42 0 7
43 0 7
44 0 7
45 0 7
46 0 7
47 0 7
48 0 7
49 0 7
50 0 7
51 0 7
52 0 7
53 0 7
54 0 7
55 0 7
56 0 7
57 0 7
58 0 7
59 0 7
60 0 7
61 0 7
62 0 7
63 0 7
64 0 7
65 0 7
66 0 7
67 0 7
68 0 7
69 0 7
70 0 7
71 0 7
72 0 7
73 0 7
74 0 7
75 0 7
76 0 7
77 0 7
78 0 7
79 0 7
80 0 7
81 0 7
82 0 7
83 0 7
84 0 7
85 0 7
86 0 7
87 0 7
88 0 7
89 0 7
90 0 7
91 0 7
92 0 7
93 0 7
94 0 7
95 0 7
96 0 7
97 0 7
98 0 7
99 0 7
100 0 7
101 0 7
102 0 7
103 0 7
104 0 7
105 0 7
106 0 7
107 0 7
108 0 7
109 0 7
110 0 7
111 0 7
112 0 7
113 0 7
114 0 7
115 0 7
116 0 7
117 0 7
118 0 7
119 0 7
120 0 7

5.73026
0 5990942 8
1 3335514 8
2 633272 8
3 32961 8
4 6966 8
5 345 8
6 0 8
7 0 8
8 0 8
9 0 8
10 0 8
11 0 8
12 0 8
13 0 8
14 0 8
15 0 8
16 0 8
17 0 8
18 0 8
19 0 8
20 0 8
21 0 8
22 0 8
23 0 8
24 0 8
25 0 8
26 0 8
27 0 8
28 0 8
29 0 8
30 0 8
31 0 8
32 0 8
33 0 8
34 0 8
35 0 8
36 0 8
37 0 8
38 0 8
39 0 8
40 0 8
41 0 8
42 0 8
43 0 8
44 0 8
45 0 8
46 0 8
47 0 8
48 0 8
49 0 8
50 0 8
51 0 8
52 0 8
53 0 8
54 0 8
55 0 8
56 0 8
57 0 8
58 0 8
59 0 8
60 0 8
61 0 8
62 0 8
63 0 8
64 0 8
65 0 8
66 0 8
67 0 8
68 0 8
69 0 8
70 0 8
71 0 8
72 0 8
73 0 8
74 0 8
75 0 8
76 0 8
77 0 8
78 0 8
79 0 8
80 0 8
81 0 8
82 0 8
83 0 8
84 0 8
85 0 8
86 0 8
87 0 8
88 0 8
89 0 8
90 0 8
91 0 8
92 0 8
93 0 8
94 0 8
95 0 8
96 0 8
97 0 8
98 0 8
99 0 8
100 0 8
101 0 8
102 0 8
103 0 8
104 0 8
105 0 8
106 0 8
107 0 8
108 0 8
109 0 8
110 0 8
111 0 8
112 0 8
113 0 8
114 0 8
115 0 8
116 0 8
117 0 8
118 0 8
119 0 8
120 0 8

6.06447
0 4566780 9
1 3971194 9
2 1287281 9
3 149060 9
4 22680 9
5 2972 9
6 0 9
7 33 9
8 0 9
9 0 9
10 0 9
11 0 9
12 0 9
13 0 9
14 0 9
15 0 9
16 0 9
17 0 9
18 0 9
19 0 9
20 0 9
21 0 9
22 0 9
23 0 9
24 0 9
25 0 9
26 0 9
27 0 9
28 0 9
29 0 9
30 0 9
31 0 9
32 0 9
33 0 9
34 0 9
35 0 9
36 0 9
37 0 9
38 0 9
39 0 9
40 0 9
41 0 9
42 0 9
43 0 9
44 0 9
45 0 9
46 0 9
47 0 9
48 0 9
49 0 9
50 0 9
51 0 9
52 0 9
53 0 9
54 0 9
55 0 9
56 0 9
57 0 9
58 0 9
59 0 9
60 0 9
61 0 9
62 0 9
63 0 9
64 0 9
65 0 9
66 0 9
67 0 9
68 0 9
69 0 9
70 0 9
71 0 9
72 0 9
73 0 9
74 0 9
75 0 9
76 0 9
77 0 9
78 0 9
79 0 9
80 0 9
81 0 9
82 0 9
83 0 9
84 0 9
85 0 9
86 0 9
87 0 9
88 0 9
89 0 9
90 0 9
91 0 9
92 0 9
93 0 9
94 0 9
95 0 9
96 0 9
97 0 9
98 0 9
99 0 9
100 0 9
101 0 9
102 0 9
103 0 9
104 0 9
105 0 9
106 0 9
107 0 9
108 0 9
109 0 9
110 0 9
111 0 9
112 0 9
113 0 9
114 0 9
115 0 9
116 0 9
117 0 9
118 0 9
119 0 9
120 0 9

6.33634
0 3192126 10
1 4130381 10
2 2130562 10
3 457845 10
4 72897 10
5 15331 10
6 580 10
7 278 10
8 0 10
9 0 10
10 0 10
11 0 10
12 0 10
13 0 10
14 0 10
15 0 10
16 0 10
17 0 10
18 0 10
19 0 10
20 0 10
21 0 10
22 0 10
23 0 10
24 0 10
25 0 10
26 0 10
27 0 10
28 0 10
29 0 10
30 0 10
31 0 10
32 0 10
33 0 10
34 0 10
35 0 10
36 0 10
37 0 10
38 0 10
39 0 10
40 0 10
41 0 10
42 0 10
43 0 10
44 0 10
45 0 10
46 0 10
47 0 10
48 0 10
49 0 10
50 0 10
51 0 10
52 0 10
53 0 10
54 0 10
55 0 10
56 0 10
57 0 10
58 0 10
59 0 10
60 0 10
61 0 10
62 0 10
63 0 10
64 0 10
65 0 10
66 0 10
67 0 10
68 0 10
69 0 10
70 0 10
71 0 10
72 0 10
73 0 10
74 0 10
75 0 10
76 0 10
77 0 10
78 0 10
79 0 10
80 0 10
81 0 10
82 0 10
83 0 10
84 0 10
85 0 10
86 0 10
87 0 10
88 0 10
89 0 10
90 0 10
91 0 10
92 0 10
93 0 10
94 0 10
95 0 10
96 0 10
97 0 10
98 0 10
99 0 10
100 0 10
101 0 10
102 0 10
103 0 10
104 0 10
105 0 10
106 0 10
107 0 10
108 0 10
109 0 10
110 0 10
111 0 10
112 0 10
113 0 10
114 0 10
115 0 10
116 0 10
117 0 10
118 0 10
119 0 10
120 0 10

6.61477
0 2005120 11
1 3737860 11
2 2921660 11
3 1046838 11
4 226341 11
5 54470 11
6 6169 11
7 1413 11
8 120 11
9 0 11
10 9 11
11 0 11
12 0 11
13 0 11
14 0 11
15 0 11
16 0 11
17 0 11
18 0 11
19 0 11
20 0 11
21 0 11
22 0 11
23 0 11
24 0 11
25 0 11
26 0 11
27 0 11
28 0 11
29 0 11
30 0 11
31 0 11
32 0 11
33 0 11
34 0 11
35 0 11
36 0 11
37 0 11
38 0 11
39 0 11
40 0 11
41 0 11
42 0 11
43 0 11
44 0 11
45 0 11
46 0 11
47 0 11
48 0 11
49 0 11
50 0 11
51 0 11
52 0 11
53 0 11
54 0 11
55 0 11
56 0 11
57 0 11
58 0 11
59 0 11
60 0 11
61 0 11
62 0 11
63 0 11
64 0 11
65 0 11
66 0 11
67 0 11
68 0 11
69 0 11
70 0 11
71 0 11
72 0 11
73 0 11
74 0 11
75 0 11
76 0 11
77 0 11
78 0 11
79 0 11
80 0 11
81 0 11
82 0 11
83 0 11
84 0 11
85 0 11
86 0 11
87 0 11
88 0 11
89 0 11
90 0 11
91 0 11
92 0 11
93 0 11
94 0 11
95 0 11
96 0 11
97 0 11
98 0 11
99 0 11
100 0 11
101 0 11
102 0 11
103 0 11
104 0 11
105 0 11
106 0 11
107 0 11
108 0 11
109 0 11
110 0 11
111 0 11
112 0 11
113 0 11
114 0 11
115 0 11
116 0 11
117 0 11
118 0 11
119 0 11
120 0 11

6.89135
0 1113857 12
1 2901647 12
2 3315782 12
3 1864104 12
4 596126 12
5 166841 12
6 33673 12
7 6583 12
8 1309 12
9 15 12
10 59 12
11 4 12
12 0 12
13 0 12
14 0 12
15 0 12
16 0 12
17 0 12
18 0 12
19 0 12
20 0 12
21 0 12
22 0 12
23 0 12
24 0 12
25 0 12
26 0 12
27 0 12
28 0 12
29 0 12
30 0 12
31 0 12
32 0 12
33 0 12
34 0 12
35 0 12
36 0 12
37 0 12
38 0 12
39 0 12
40 0 12
41 0 12
42 0 12
43 0 12
44 0 12
45 0 12
46 0 12
47 0 12
48 0 12
49 0 12
50 0 12
51 0 12
52 0 12
53 0 12
54 0 12
55 0 12
56 0 12
57 0 12
58 0 12
59 0 12
60 0 12
61 0 12
62 0 12
63 0 12
64 0 12
65 0 12
66 0 12
67 0 12
68 0 12
69 0 12
70 0 12
71 0 12
72 0 12
73 0 12
74 0 12
75 0 12
76 0 12
77 0 12
78 0 12
79 0 12
80 0 12
81 0 12
82 0 12
83 0 12
84 0 12
85 0 12
86 0 12
87 0 12
88 0 12
89 0 12
90 0 12
91 0 12
92 0 12
93 0 12
94 0 12
95 0 12
96 0 12
97 0 12
98 0 12
99 0 12
100 0 12
101 0 12
102 0 12
103 0 12
104 0 12
105 0 12
106 0 12
107 0 12
108 0 12
109 0 12
110 0 12
111 0 12
112 0 12
113 0 12
114 0 12
115 0 12
116 0 12
117 0 12
118 0 12
119 0 12
120 0 12

7.25924
0 537356 13
1 1900983 13
2 3087754 13
3 2611525 13
4 1255948 13
5 442317 13
6 126288 13
7 29095 13
8 7726 13
9 632 13
10 329 13
11 45 13
12 1 13
13 1 13
14 0 13
15 0 13
16 0 13
17 0 13
18 0 13
19 0 13
20 0 13
21 0 13
22 0 13
23 0 13
24 0 13
25 0 13
26 0 13
27 0 13
28 0 13
29 0 13
30 0 13
31 0 13
32 0 13
33 0 13
34 0 13
35 0 13
36 0 13
37 0 13
38 0 13
39 0 13
40 0 13
41 0 13
42 0 13
43 0 13
44 0 13
45 0 13
46 0 13
47 0 13
48 0 13
49 0 13
50 0 13
51 0 13
52 0 13
53 0 13
54 0 13
55 0 13
56 0 13
57 0 13
58 0 13
59 0 13
60 0 13
61 0 13
62 0 13
63 0 13
64 0 13
65 0 13
66 0 13
67 0 13
68 0 13
69 0 13
70 0 13
71 0 13
72 0 13
73 0 13
74 0 13
75 0 13
76 0 13
77 0 13
78 0 13
79 0 13
80 0 13
81 0 13
82 0 13
83 0 13
84 0 13
85 0 13
86 0 13
87 0 13
88 0 13
89 0 13
90 0 13
91 0 13
92 0 13
93 0 13
94 0 13
95 0 13
96 0 13
97 0 13
98 0 13
99 0 13
100 0 13
101 0 13
102 0 13
103 0 13
104 0 13
105 0 13
106 0 13
107 0 13
108 0 13
109 0 13
110 0 13
111 0 13
112 0 13
113 0 13
114 0 13
115 0 13
116 0 13
117 0 13
118 0 13
119 0 13
120 0 13

7.61513
0 220587 14
1 1025736 14
2 2321554 14
3 2861421 14
4 2054177 14
5 990073 14
6 373841 14
7 110774 14
8 33389 14
9 6368 14
10 1616 14
11 412 14
12 30 14
13 22 14
14 0 14
15 0 14
16 0 14
17 0 14
18 0 14
19 0 14
20 0 14
21 0 14
22 0 14
23 0 14
24 0 14
25 0 14
26 0 14
27 0 14
28 0 14
29 0 14
30 0 14
31 0 14
32 0 14
33 0 14
34 0 14
35 0 14
36 0 14
37 0 14
38 0 14
39 0 14
40 0 14
41 0 14
42 0 14
43 0 14
44 0 14
45 0 14
46 0 14
47 0 14
48 0 14
49 0 14
50 0 14
51 0 14
52 0 14
53 0 14
54 0 14
55 0 14
56 0 14
57 0 14
58 0 14
59 0 14
60 0 14
61 0 14
62 0 14
63 0 14
64 0 14
65 0 14
66 0 14
67 0 14
68 0 14
69 0 14
70 0 14
71 0 14
72 0 14
73 0 14
74 0 14
75 0 14
76 0 14
77 0 14
78 0 14
79 0 14
80 0 14
81 0 14
82 0 14
83 0 14
84 0 14
85 0 14
86 0 14
87 0 14
88 0 14
89 0 14
90 0 14
91 0 14
92 0 14
93 0 14
94 0 14
95 0 14
96 0 14
97 0 14
98 0 14
99 0 14
100 0 14
101 0 14
102 0 14
103 0 14
104 0 14
105 0 14
106 0 14
107 0 14
108 0 14
109 0 14
110 0 14
111 0 14
112 0 14
113 0 14
114 0 14
115 0 14
116 0 14
117 0 14
118 0 14
119 0 14
120 0 14

8.06705
0 75151 15
1 447815 15
2 1375403 15
3 2412482 15
4 2548745 15
5 1745197 15
6 877975 15
7 348572 15
8 121202 15
9 35494 15
10 8544 15
11 2795 15
12 437 15
13 176 15
14 8 15
15 0 15
16 4 15
17 0 15
18 0 15
19 0 15
20 0 15
21 0 15
22 0 15
23 0 15
24 0 15
25 0 15
26 0 15
27 0 15
28 0 15
29 0 15
30 0 15
31 0 15
32 0 15
33 0 15
34 0 15
35 0 15
36 0 15
37 0 15
38 0 15
39 0 15
40 0 15
41 0 15
42 0 15
43 0 15
44 0 15
45 0 15
46 0 15
47 0 15
48 0 15
49 0 15
50 0 15
51 0 15
52 0 15
53 0 15
54 0 15
55 0 15
56 0 15
57 0 15
58 0 15
59 0 15
60 0 15
61 0 15
62 0 15
63 0 15
64 0 15
65 0 15
66 0 15
67 0 15
68 0 15
69 0 15
70 0 15
71 0 15
72 0 15
73 0 15
74 0 15
75 0 15
76 0 15
77 0 15
78 0 15
79 0 15
80 0 15
81 0 15
82 0 15
83 0 15
84 0 15
85 0 15
86 0 15
87 0 15
88 0 15
89 0 15
90 0 15
91 0 15
92 0 15
93 0 15
94 0 15
95 0 15
96 0 15
97 0 15
98 0 15
99 0 15
100 0 15
101 0 15
102 0 15
103 0 15
104 0 15
105 0 15
106 0 15
107 0 15
108 0 15
109 0 15
110 0 15
111 0 15
112 0 15
113 0 15
114 0 15
115 0 15
116 0 15
117 0 15
118 0 15
119 0 15
120 0 15

8.42544
0 21448 16
1 153439 16
2 623932 16
3 1520919 16
4 2331369 16
5 2313817 16
6 1608873 16
7 851377 16
8 371296 16
9 140591 16
10 44014 16
11 14015 16
12 3443 16
13 1131 16
14 292 16
15 14 16
16 27 16
17 3 16
18 0 16
19 0 16
20 0 16
21 0 16
22 0 16
23 0 16
24 0 16
25 0 16
26 0 16
27 0 16
28 0 16
29 0 16
30 0 16
31 0 16
32 0 16
33 0 16
34 0 16
35 0 16
36 0 16
37 0 16
38 0 16
39 0 16
40 0 16
41 0 16
42 0 16
43 0 16
44 0 16
45 0 16
46 0 16
47 0 16
48 0 16
49 0 16
50 0 16
51 0 16
52 0 16
53 0 16
54 0 16
55 0 16
56 0 16
57 0 16
58 0 16
59 0 16
60 0 16
61 0 16
62 0 16
63 0 16
64 0 16
65 0 16
66 0 16
67 0 16
68 0 16
69 0 16
70 0 16
71 0 16
72 0 16
73 0 16
74 0 16
75 0 16
76 0 16
77 0 16
78 0 16
79 0 16
80 0 16
81 0 16
82 0 16
83 0 16
84 0 16
85 0 16
86 0 16
87 0 16
88 0 16
89 0 16
90 0 16
91 0 16
92 0 16
93 0 16
94 0 16
95 0 16
96 0 16
97 0 16
98 0 16
99 0 16
100 0 16
101 0 16
102 0 16
103 0 16
104 0 16
105 0 16
106 0 16
107 0 16
108 0 16
109 0 16
110 0 16
111 0 16
112 0 16
113 0 16
114 0 16
115 0 16
116 0 16
117 0 16
118 0 16
119 0 16
120 0 16

8.82474
0 5065 17
1 40316 17
2 210026 17
3 694833 17
4 1514804 17
5 2185005 17
6 2171574 17
7 1576056 17
8 902687 17
9 430670 17
10 175500 17
11 63546 17
12 20703 17
13 6441 17
14 2185 17
15 358 17
16 179 17
17 47 17
18 3 17
19 1 17
20 1 17
21 0 17
22 0 17
23 0 17
24 0 17
25 0 17
26 0 17
27 0 17
28 0 17
29 0 17
30 0 17
31 0 17
32 0 17
33 0 17
34 0 17
35 0 17
36 0 17
37 0 17
38 0 17
39 0 17
40 0 17
41 0 17
42 0 17
43 0 17
44 0 17
45 0 17
46 0 17
47 0 17
48 0 17
49 0 17
50 0 17
51 0 17
52 0 17
53 0 17
54 0 17
55 0 17
56 0 17
57 0 17
58 0 17
59 0 17
60 0 17
61 0 17
62 0 17
63 0 17
64 0 17
65 0 17
66 0 17
67 0 17
68 0 17
69 0 17
70 0 17
71 0 17
72 0 17
73 0 17
74 0 17
75 0 17
76 0 17
77 0 17
78 0 17
79 0 17
80 0 17
81 0 17
82 0 17
83 0 17
84 0 17
85 0 17
86 0 17
87 0 17
88 0 17
89 0 17
90 0 17
91 0 17
92 0 17
93 0 17
94 0 17
95 0 17
96 0 17
97 0 17
98 0 17
99 0 17
100 0 17
101 0 17
102 0 17
103 0 17
104 0 17
105 0 17
106 0 17
107 0 17
108 0 17
109 0 17
110 0 17
111 0 17
112 0 17
113 0 17
114 0 17
115 0 17
116 0 17
117 0 17
118 0 17
119 0 17
120 0 17

9.12735
0 1027 18
1 8065 18
2 52326 18
3 221836 18
4 667740 18
5 1391901 18
6 2015485 18
7 2082405 18
8 1628115 18
9 1013512 18
10 530247 18
11 240165 18
12 95220 18
13 34213 18
14 12716 18
15 3475 18
16 1056 18
17 407 18
18 57 18
19 31 18
20 0 18
21 1 18
22 0 18
23 0 18
24 0 18
25 0 18
26 0 18
27 0 18
28 0 18
29 0 18
30 0 18
31 0 18
32 0 18
33 0 18
34 0 18
35 0 18
36 0 18
37 0 18
38 0 18
39 0 18
40 0 18
41 0 18
42 0 18
43 0 18
44 0 18
45 0 18
46 0 18
47 0 18
48 0 18
49 0 18
50 0 18
51 0 18
52 0 18
53 0 18
54 0 18
55 0 18
56 0 18
57 0 18
58 0 18
59 0 18
60 0 18
61 0 18
62 0 18
63 0 18
64 0 18
65 0 18
66 0 18
67 0 18
68 0 18
69 0 18
70 0 18
71 0 18
72 0 18
73 0 18
74 0 18
75 0 18
76 0 18
77 0 18
78 0 18
79 0 18
80 0 18
81 0 18
82 0 18
83 0 18
84 0 18
85 0 18
86 0 18
87 0 18
88 0 18
89 0 18
90 0 18
91 0 18
92 0 18
93 0 18
94 0 18
95 0 18
96 0 18
97 0 18
98 0 18
99 0 18
100 0 18
101 0 18
102 0 18
103 0 18
104 0 18
105 0 18
106 0 18
107 0 18
108 0 18
109 0 18
110 0 18
111 0 18
112 0 18
113 0 18
114 0 18
115 0 18
116 0 18
117 0 18
118 0 18
119 0 18
120 0 18

9.59967
0 205 19
1 1289 19
2 9313 19
3 47518 19
4 191964 19
5 561658 19
6 1193717 19
7 1808605 19
8 2010613 19
9 1716736 19
10 1181154 19
11 686374 19
12 344382 19
13 150086 19
14 61460 19
15 23575 19
16 7488 19
17 2784 19
18 720 19
19 273 19
20 56 19
21 19 19
22 11 19
23 0 19
24 0 19
25 0 19
26 0 19
27 0 19
28 0 19
29 0 19
30 0 19
31 0 19
32 0 19
33 0 19
34 0 19
35 0 19
36 0 19
37 0 19
38 0 19
39 0 19
40 0 19
41 0 19
42 0 19
43 0 19
44 0 19
45 0 19
46 0 19
47 0 19
48 0 19
49 0 19
50 0 19
51 0 19
52 0 19
53 0 19
54 0 19
55 0 19
56 0 19
57 0 19
58 0 19
59 0 19
60 0 19
61 0 19
62 0 19
63 0 19
64 0 19
65 0 19
66 0 19
67 0 19
68 0 19
69 0 19
70 0 19
71 0 19
72 0 19
73 0 19
74 0 19
75 0 19
76 0 19
77 0 19
78 0 19
79 0 19
80 0 19
81 0 19
82 0 19
83 0 19
84 0 19
85 0 19
86 0 19
87 0 19
88 0 19
89 0 19
90 0 19
91 0 19
92 0 19
93 0 19
94 0 19
95 0 19
96 0 19
97 0 19
98 0 19
99 0 19
100 0 19
101 0 19
102 0 19
103 0 19
104 0 19
105 0 19
106 0 19
107 0 19
108 0 19
109 0 19
110 0 19
111 0 19
112 0 19
113 0 19
114 0 19
115 0 19
116 0 19
117 0 19
118 0 19
119 0 19
120 0 19

9.94094
0 43 20
1 150 20
2 1317 20
3 7049 20
4 34698 20
5 137000 20
6 412939 20
7 930426 20
8 1535281 20
9 1893625 20
10 1804780 20
11 1391924 20
12 906345 20
13 508077 20
14 250460 20
15 112957 20
16 45909 20
17 17445 20
18 6396 20
19 2103 20
20 787 20
21 154 20
22 112 20
23 19 20
24 3 20
25 1 20
26 0 20
27 0 20
28 0 20
29 0 20
30 0 20
31 0 20
32 0 20
33 0 20
34 0 20
35 0 20
36 0 20
37 0 20
38 0 20
39 0 20
40 0 20
41 0 20
42 0 20
43 0 20
44 0 20
45 0 20
46 0 20
47 0 20
48 0 20
49 0 20
50 0 20
51 0 20
52 0 20
53 0 20
54 0 20
55 0 20
56 0 20
57 0 20
58 0 20
59 0 20
60 0 20
61 0 20
62 0 20
63 0 20
64 0 20
65 0 20
66 0 20
67 0 20
68 0 20
69 0 20
70 0 20
71 0 20
72 0 20
73 0 20
74 0 20
75 0 20
76 0 20
77 0 20
78 0 20
79 0 20
80 0 20
81 0 20
82 0 20
83 0 20
84 0 20
85 0 20
86 0 20
87 0 20
88 0 20
89 0 20
90 0 20
91 0 20
92 0 20
93 0 20
94 0 20
95 0 20
96 0 20
97 0 20
98 0 20
99 0 20
100 0 20
101 0 20
102 0 20
103 0 20
104 0 20
105 0 20
106 0 20
107 0 20
108 0 20
109 0 20
110 0 20
111 0 20
112 0 20
113 0 20
114 0 20
115 0 20
116 0 20
117 0 20
118 0 20
119 0 20
120 0 20

10.2826
0 6 21
1 12 21
2 145 21
3 763 21
4 3978 21
5 19539 21
6 79101 21
7 254286 21
8 634898 21
9 1185468 21
10 1671584 21
11 1822174 21
12 1606506 21
13 1185790 21
14 750823 21
15 418547 21
16 209137 21
17 93234 21
18 39441 21
19 15375 21
20 6257 21
21 1766 21
22 812 21
23 254 21
24 64 21
25 14 21
26 22 21
27 4 21
28 0 21
29 0 21
30 0 21
31 0 21
32 0 21
33 0 21
34 0 21
35 0 21
36 0 21
37 0 21
38 0 21
39 0 21
40 0 21
41 0 21
42 0 21
43 0 21
44 0 21
45 0 21
46 0 21
47 0 21
48 0 21
49 0 21
50 0 21
51 0 21
52 0 21
53 0 21
54 0 21
55 0 21
56 0 21
57 0 21
58 0 21
59 0 21
60 0 21
61 0 21
62 0 21
63 0 21
64 0 21
65 0 21
66 0 21
67 0 21
68 0 21
69 0 21
70 0 21
71 0 21
72 0 21
73 0 21
74 0 21
75 0 21
76 0 21
77 0 21
78 0 21
79 0 21
80 0 21
81 0 21
82 0 21
83 0 21
84 0 21
85 0 21
86 0 21
87 0 21
88 0 21
89 0 21
90 0 21
91 0 21
92 0 21
93 0 21
94 0 21
95 0 21
96 0 21
97 0 21
98 0 21
99 0 21
100 0 21
101 0 21
102 0 21
103 0 21
104 0 21
105 0 21
106 0 21
107 0 21
108 0 21
109 0 21
110 0 21
111 0 21
112 0 21
113 0 21
114 0 21
115 0 21
116 0 21
117 0 21
118 0 21
119 0 21
120 0 21

10.5788
0 1 22
1 1 22
2 9 22
3 84 22
4 319 22
5 1742 22
6 8226 22
7 35013 22
8 125333 22
9 357094 22
10 781676 22
11 1306609 22
12 1684718 22
13 1734879 22
14 1475458 22
15 1071160 22
16 682230 22
17 384677 22
18 195418 22
19 90117 22
20 39077 22
21 16226 22
22 6248 22
23 2491 22
24 788 22
25 269 22
26 94 22
27 34 22
28 7 22
29 1 22
30 1 22
31 0 22
32 0 22
33 0 22
34 0 22
35 0 22
36 0 22
37 0 22
38 0 22
39 0 22
40 0 22
41 0 22
42 0 22
43 0 22
44 0 22
45 0 22
46 0 22
47 0 22
48 0 22
49 0 22
50 0 22
51 0 22
52 0 22
53 0 22
54 0 22
55 0 22
56 0 22
57 0 22
58 0 22
59 0 22
60 0 22
61 0 22
62 0 22
63 0 22
64 0 22
65 0 22
66 0 22
67 0 22
68 0 22
69 0 22
70 0 22
71 0 22
72 0 22
73 0 22
74 0 22
75 0 22
76 0 22
77 0 22
78 0 22
79 0 22
80 0 22
81 0 22
82 0 22
83 0 22
84 0 22
85 0 22
86 0 22
87 0 22
88 0 22
89 0 22
90 0 22
91 0 22
92 0 22
93 0 22
94 0 22
95 0 22
96 0 22
97 0 22
98 0 22
99 0 22
100 0 22
101 0 22
102 0 22
103 0 22
104 0 22
105 0 22
106 0 22
107 0 22
108 0 22
109 0 22
110 0 22
111 0 22
112 0 22
113 0 22
114 0 22
115 0 22
116 0 22
117 0 22
118 0 22
119 0 22
120 0 22

10.9516
0 0 23
1 0 23
2 1 23
3 12 23
4 19 23
5 107 23
6 566 23
7 2486 23
8 11448 23
9 45157 23
10 152611 23
11 404165 23
12 833658 23
13 1320111 23
14 1648173 23
15 1668078 23
16 1418309 23
17 1045364 23
18 677532 23
19 393582 23
20 205229 23
21 98253 23
22 43522 23
23 19290 23
24 7362 23
25 3204 23
26 1112 23
27 429 23
28 140 23
29 60 23
30 9 23
31 7 23
32 0 23
33 4 23
34 0 23
35 0 23
36 0 23
37 0 23
38 0 23
39 0 23
40 0 23
41 0 23
42 0 23
43 0 23
44 0 23
45 0 23
46 0 23
47 0 23
48 0 23
49 0 23
50 0 23
51 0 23
52 0 23
53 0 23
54 0 23
55 0 23
56 0 23
57 0 23
58 0 23
59 0 23
60 0 23
61 0 23
62 0 23
63 0 23
64 0 23
65 0 23
66 0 23
67 0 23
68 0 23
69 0 23
70 0 23
71 0 23
72 0 23
73 0 23
74 0 23
75 0 23
76 0 23
77 0 23
78 0 23
79 0 23
80 0 23
81 0 23
82 0 23
83 0 23
84 0 23
85 0 23
86 0 23
87 0 23
88 0 23
89 0 23
90 0 23
91 0 23
92 0 23
93 0 23
94 0 23
95 0 23
96 0 23
97 0 23
98 0 23
99 0 23
100 0 23
101 0 23
102 0 23
103 0 23
104 0 23
105 0 23
106 0 23
107 0 23
108 0 23
109 0 23
110 0 23
111 0 23
112 0 23
113 0 23
114 0 23
115 0 23
116 0 23
117 0 23
118 0 23
119 0 23
120 0 23

11.2276
0 0 24
1 0 24
2 0 24
3 0 24
4 1 24
5 4 24
6 33 24
7 112 24
8 549 24
9 2513 24
10 11079 24
11 43603 24
12 146395 24
13 383859 24
14 788945 24
15 1252585 24
16 1582327 24
17 1636108 24
18 1427357 24
19 1086080 24
20 733945 24
21 444229 24
22 241822 24
23 120667 24
24 55944 24
25 24477 24
26 10309 24
27 4244 24
28 1859 24
29 611 24
30 216 24
31 82 24
32 33 24
33 11 24
34 1 24
35 0 24
36 0 24
37 0 24
38 0 24
39 0 24
40 0 24
41 0 24
42 0 24
43 0 24
44 0 24
45 0 24
46 0 24
47 0 24
48 0 24
49 0 24
50 0 24
51 0 24
52 0 24
53 0 24
54 0 24
55 0 24
56 0 24
57 0 24
58 0 24
59 0 24
60 0 24
61 0 24
62 0 24
63 0 24
64 0 24
65 0 24
66 0 24
67 0 24
68 0 24
69 0 24
70 0 24
71 0 24
72 0 24
73 0 24
74 0 24
75 0 24
76 0 24
77 0 24
78 0 24
79 0 24
80 0 24
81 0 24
82 0 24
83 0 24
84 0 24
85 0 24
86 0 24
87 0 24
88 0 24
89 0 24
90 0 24
91 0 24
92 0 24
93 0 24
94 0 24
95 0 24
96 0 24
97 0 24
98 0 24
99 0 24
100 0 24
101 0 24
102 0 24
103 0 24
104 0 24
105 0 24
106 0 24
107 0 24
108 0 24
109 0 24
110 0 24
111 0 24
112 0 24
113 0 24
114 0 24
115 0 24
116 0 24
117 0 24
118 0 24
119 0 24
120 0 24

11.5331
0 0 25
1 0 25
2 0 25
3 0 25
4 0 25
5 0 25
6 2 25
7 5 25
8 18 25
9 89 25
10 370 25
11 1588 25
12 7682 25
13 32105 25
14 111737 25
15 305872 25
16 661433 25
17 1111706 25
18 1481818 25
19 1608261 25
20 1482009 25
21 1187223 25
22 847433 25
23 541104 25
24 312089 25
25 163733 25
26 79905 25
27 36126 25
28 15807 25
29 7072 25
30 3062 25
31 1025 25
32 501 25
33 156 25
34 42 25
35 13 25
36 13 25
37 0 25
38 1 25
39 0 25
40 0 25
41 0 25
42 0 25
43 0 25
44 0 25
45 0 25
46 0 25
47 0 25
48 0 25
49 0 25
50 0 25
51 0 25
52 0 25
53 0 25
54 0 25
55 0 25
56 0 25
57 0 25
58 0 25
59 0 25
60 0 25
61 0 25
62 0 25
63 0 25
64 0 25
65 0 25
66 0 25
67 0 25
68 0 25
69 0 25
70 0 25
71 0 25
72 0 25
73 0 25
74 0 25
75 0 25
76 0 25
77 0 25
78 0 25
79 0 25
80 0 25
81 0 25
82 0 25
83 0 25
84 0 25
85 0 25
86 0 25
87 0 25
88 0 25
89 0 25
90 0 25
91 0 25
92 0 25
93 0 25
94 0 25
95 0 25
96 0 25
97 0 25
98 0 25
99 0 25
100 0 25
101 0 25
102 0 25
103 0 25
104 0 25
105 0 25
106 0 25
107 0 25
108 0 25
109 0 25
110 0 25
111 0 25
112 0 25
113 0 25
114 0 25
115 0 25
116 0 25
117 0 25
118 0 25
119 0 25
120 0 25

11.6647
0 0 26
1 0 26
2 0 26
3 0 26
4 0 26
5 0 26
6 0 26
7 0 26
8 1 26
9 3 26
10 7 26
11 35 26
12 161 26
13 744 26
14 3591 26
15 15989 26
16 62606 26
17 194331 26
18 468162 26
19 879899 26
20 1301922 26
21 1549137 26
22 1545612 26
23 1339490 26
24 1023021 26
25 703663 26
26 433491 26
27 244255 26
28 125517 26
29 59534 26
30 27560 26
31 12366 26
32 5148 26
33 2153 26
34 1054 26
35 310 26
36 167 26
37 52 26
38 6 26
39 12 26
40 1 26
41 0 26
42 0 26
43 0 26
44 0 26
45 0 26
46 0 26
47 0 26
48 0 26
49 0 26
50 0 26
51 0 26
52 0 26
53 0 26
54 0 26
55 0 26
56 0 26
57 0 26
58 0 26
59 0 26
60 0 26
61 0 26
62 0 26
63 0 26
64 0 26
65 0 26
66 0 26
67 0 26
68 0 26
69 0 26
70 0 26
71 0 26
72 0 26
73 0 26
74 0 26
75 0 26
76 0 26
77 0 26
78 0 26
79 0 26
80 0 26
81 0 26
82 0 26
83 0 26
84 0 26
85 0 26
86 0 26
87 0 26
88 0 26
89 0 26
90 0 26
91 0 26
92 0 26
93 0 26
94 0 26
95 0 26
96 0 26
97 0 26
98 0 26
99 0 26
100 0 26
101 0 26
102 0 26
103 0 26
104 0 26
105 0 26
106 0 26
107 0 26
108 0 26
109 0 26
110 0 26
111 0 26
112 0 26
113 0 26
114 0 26
115 0 26
116 0 26
117 0 26
118 0 26
119 0 26
120 0 26

11.8106
0 0 27
1 0 27
2 0 27
3 0 27
4 0 27
5 0 27
6 0 27
7 0 27
8 0 27
9 0 27
10 0 27
11 0 27
12 3 27
13 6 27
14 37 27
15 169 27
16 1037 27
17 5127 27
18 23992 27
19 88545 27
20 256400 27
21 574301 27
22 1003389 27
23 1378410 27
24 1551647 27
25 1487350 27
26 1255067 27
27 937428 27
28 633410 27
29 385678 27
30 214020 27
31 108498 27
32 52964 27
33 23921 27
34 10286 27
35 4891 27
36 1934 27
37 1007 27
38 243 27
39 182 27
40 34 27
41 20 27
42 4 27
43 0 27
44 0 27
45 0 27
46 0 27
47 0 27
48 0 27
49 0 27
50 0 27
51 0 27
52 0 27
53 0 27
54 0 27
55 0 27
56 0 27
57 0 27
58 0 27
59 0 27
60 0 27
61 0 27
62 0 27
63 0 27
64 0 27
65 0 27
66 0 27
67 0 27
68 0 27
69 0 27
70 0 27
71 0 27
72 0 27
73 0 27
74 0 27
75 0 27
76 0 27
77 0 27
78 0 27
79 0 27
80 0 27
81 0 27
82 0 27
83 0 27
84 0 27
85 0 27
86 0 27
87 0 27
88 0 27
89 0 27
90 0 27
91 0 27
92 0 27
93 0 27
94 0 27
95 0 27
96 0 27
97 0 27
98 0 27
99 0 27
100 0 27
101 0 27
102 0 27
103 0 27
104 0 27
105 0 27
106 0 27
107 0 27
108 0 27
109 0 27
110 0 27
111 0 27
112 0 27
113 0 27
114 0 27
115 0 27
116 0 27
117 0 27
118 0 27
119 0 27
120 0 27

11.929
0 0 28
1 0 28
2 0 28
3 0 28
4 0 28
5 0 28
6 0 28
7 0 28
8 0 28
9 0 28
10 0 28
11 0 28
12 0 28
13 0 28
14 0 28
15 1 28
16 1 28
17 22 28
18 192 28
19 929 28
20 4819 28
21 24265 28
22 92353 28
23 268152 28
24 598683 28
25 1025814 28
26 1388814 28
27 1544488 28
28 1464858 28
29 1235155 28
30 928060 28
31 623643 28
32 382400 28
33 212263 28
34 109890 28
35 51874 28
36 23857 28
37 11198 28
38 4675 28
39 2060 28
40 860 28
41 412 28
42 175 28
43 50 28
44 17 28
45 13 28
46 7 28
47 0 28
48 0 28
49 0 28
50 0 28
51 0 28
52 0 28
53 0 28
54 0 28
55 0 28
56 0 28
57 0 28
58 0 28
59 0 28
60 0 28
61 0 28
62 0 28
63 0 28
64 0 28
65 0 28
66 0 28
67 0 28
68 0 28
69 0 28
70 0 28
71 0 28
72 0 28
73 0 28
74 0 28
75 0 28
76 0 28
77 0 28
78 0 28
79 0 28
80 0 28
81 0 28
82 0 28
83 0 28
84 0 28
85 0 28
86 0 28
87 0 28
88 0 28
89 0 28
90 0 28
91 0 28
92 0 28
93 0 28
94 0 28
95 0 28
96 0 28
97 0 28
98 0 28
99 0 28
100 0 28
101 0 28
102 0 28
103 0 28
104 0 28
105 0 28
106 0 28
107 0 28
108 0 28
109 0 28
110 0 28
111 0 28
112 0 28
113 0 28
114 0 28
115 0 28
116 0 28
117 0 28
118 0 28
119 0 28
120 0 28

11.9215
0 0 29
1 0 29
2 0 29
3 0 29
4 0 29
5 0 29
6 0 29
7 0 29
8 0 29
9 0 29
10 0 29
11 0 29
12 0 29
13 0 29
14 0 29
15 0 29
16 0 29
17 0 29
18 0 29
19 0 29
20 18 29
21 74 29
22 463 29
23 3032 29
24 16271 29
25 68569 29
26 219694 29
27 526559 29
28 951109 29
29 1333083 29
30 1529682 29
31 1494939 29
32 1283557 29
33 987630 29
34 680716 29
35 428567 29
36 238944 29
37 124977 29
38 61778 29
39 27540 29
40 13213 29
41 4862 29
42 3015 29
43 985 29
44 369 29
45 208 29
46 106 29
47 26 29
48 8 29
49 0 29
50 3 29
51 3 29
52 0 29
53 0 29
54 0 29
55 0 29
56 0 29
57 0 29
58 0 29
59 0 29
60 0 29
61 0 29
62 0 29
63 0 29
64 0 29
65 0 29
66 0 29
67 0 29
68 0 29
69 0 29
70 0 29
71 0 29
72 0 29
73 0 29
74 0 29
75 0 29
76 0 29
77 0 29
78 0 29
79 0 29
80 0 29
81 0 29
82 0 29
83 0 29
84 0 29
85 0 29
86 0 29
87 0 29
88 0 29
89 0 29
90 0 29
91 0 29
92 0 29
93 0 29
94 0 29
95 0 29
96 0 29
97 0 29
98 0 29
99 0 29
100 0 29
101 0 29
102 0 29
103 0 29
104 0 29
105 0 29
106 0 29
107 0 29
108 0 29
109 0 29
110 0 29
111 0 29
112 0 29
113 0 29
114 0 29
115 0 29
116 0 29
117 0 29
118 0 29
119 0 29
120 0 29

11.9053
0 0 30
1 0 30
2 0 30
3 0 30
4 0 30
5 0 30
6 0 30
7 0 30
8 0 30
9 0 30
10 0 30
11 0 30
12 0 30
13 0 30
14 0 30
15 0 30
16 0 30
17 0 30
18 0 30
19 0 30
20 0 30
21 0 30
22 0 30
23 0 30
24 12 30
25 122 30
26 922 30
27 6151 30
28 33834 30
29 128953 30
30 371757 30
31 762961 30
32 1196381 30
33 1480683 30
34 1540119 30
35 1397306 30
36 1120741 30
37 810949 30
38 523178 30
39 310434 30
40 166235 30
41 80308 30
42 37365 30
43 18243 30
44 7149 30
45 3573 30
46 1381 30
47 707 30
48 336 30
49 98 30
50 56 30
51 45 30
52 0 30
53 1 30
54 0 30
55 0 30
56 0 30
57 0 30
58 0 30
59 0 30
60 0 30
61 0 30
62 0 30
63 0 30
64 0 30
65 0 30
66 0 30
67 0 30
68 0 30
69 0 30
70 0 30
71 0 30
72 0 30
73 0 30
74 0 30
75 0 30
76 0 30
77 0 30
78 0 30
79 0 30
80 0 30
81 0 30
82 0 30
83 0 30
84 0 30
85 0 30
86 0 30
87 0 30
88 0 30
89 0 30
90 0 30
91 0 30
92 0 30
93 0 30
94 0 30
95 0 30
96 0 30
97 0 30
98 0 30
99 0 30
100 0 30
101 0 30
102 0 30
103 0 30
104 0 30
105 0 30
106 0 30
107 0 30
108 0 30
109 0 30
110 0 30
111 0 30
112 0 30
113 0 30
114 0 30
115 0 30
116 0 30
117 0 30
118 0 30
119 0 30
120 0 30

11.8403
0 0 31
1 0 31
2 0 31
3 0 31
4 0 31
5 0 31
6 0 31
7 0 31
8 0 31
9 0 31
10 0 31
11 0 31
12 0 31
13 0 31
14 0 31
15 0 31
16 0 31
17 0 31
18 0 31
19 0 31
20 0 31
21 0 31
22 0 31
23 0 31
24 0 31
25 0 31
26 0 31
27 0 31
28 7 31
29 86 31
30 1098 31
31 7636 31
32 45729 31
33 172939 31
34 474327 31
35 907514 31
36 1330926 31
37 1533517 31
38 1526517 31
39 1334081 31
40 1025314 31
41 710210 31
42 442687 31
43 248932 31
44 127640 31
45 62574 31
46 26524 31
47 11716 31
48 5618 31
49 2748 31
50 889 31
51 442 31
52 117 31
53 142 31
54 44 31
55 16 31
56 5 31
57 4 31
58 0 31
59 1 31
60 0 31
61 0 31
62 0 31
63 0 31
64 0 31
65 0 31
66 0 31
67 0 31
68 0 31
69 0 31
70 0 31
71 0 31
72 0 31
73 0 31
74 0 31
75 0 31
76 0 31
77 0 31
78 0 31
79 0 31
80 0 31
81 0 31
82 0 31
83 0 31
84 0 31
85 0 31
86 0 31
87 0 31
88 0 31
89 0 31
90 0 31
91 0 31
92 0 31
93 0 31
94 0 31
95 0 31
96 0 31
97 0 31
98 0 31
99 0 31
100 0 31
101 0 31
102 0 31
103 0 31
104 0 31
105 0 31
106 0 31
107 0 31
108 0 31
109 0 31
110 0 31
111 0 31
112 0 31
113 0 31
114 0 31
115 0 31
116 0 31
117 0 31
118 0 31
119 0 31
120 0 31

11.8339
0 0 32
1 0 32
2 0 32
3 0 32
4 0 32
5 0 32
6 0 32
7 0 32
8 0 32
9 0 32
10 0 32
11 0 32
12 0 32
13 0 32
14 0 32
15 0 32
16 0 32
17 0 32
18 0 32
19 0 32
20 0 32
21 0 32
22 0 32
23 0 32
24 0 32
25 0 32
26 0 32
27 0 32
28 0 32
29 0 32
30 0 32
31 0 32
32 4 32
33 32 32
34 489 32
35 5744 32
36 38352 32
37 166138 32
38 484115 32
39 946279 32
40 1361785 32
41 1575040 32
42 1544003 32
43 1324971 32
44 1011859 32
45 688857 32
46 414695 32
47 225985 32
48 118839 32
49 51148 32
50 23066 32
51 10937 32
52 4143 32
53 1575 32
54 1353 32
55 326 32
56 170 32
57 17 32
58 35 32
59 27 32
60 16 32
61 0 32
62 0 32
63 0 32
64 0 32
65 0 32
66 0 32
67 0 32
68 0 32
69 0 32
70 0 32
71 0 32
72 0 32
73 0 32
74 0 32
75 0 32
76 0 32
77 0 32
78 0 32
79 0 32
80 0 32
81 0 32
82 0 32
83 0 32
84 0 32
85 0 32
86 0 32
87 0 32
88 0 32
89 0 32
90 0 32
91 0 32
92 0 32
93 0 32
94 0 32
95 0 32
96 0 32
97 0 32
98 0 32
99 0 32
100 0 32
101 0 32
102 0 32
103 0 32
104 0 32
105 0 32
106 0 32
107 0 32
108 0 32
109 0 32
110 0 32
111 0 32
112 0 32
113 0 32
114 0 32
115 0 32
116 0 32
117 0 32
118 0 32
119 0 32
120 0 32

11.5635
0 0 33
1 0 33
2 0 33
3 0 33
4 0 33
5 0 33
6 0 33
7 0 33
8 0 33
9 0 33
10 0 33
11 0 33
12 0 33
13 0 33
14 0 33
15 0 33
16 0 33
17 0 33
18 0 33
19 0 33
20 0 33
21 0 33
22 0 33
23 0 33
24 0 33
25 0 33
26 0 33
27 0 33
28 0 33
29 0 33
30 0 33
31 0 33
32 0 33
33 0 33
34 0 33
35 0 33
36 1 33
37 0 33
38 115 33
39 1341 33
40 17947 33
41 103335 33
42 371073 33
43 850238 33
44 1307266 33
45 1584284 33
46 1622072 33
47 1412780 33
48 1081259 33
49 734201 33
50 455232 33
51 245623 33
52 115195 33
53 55290 33
54 25751 33
55 9076 33
56 4459 33
57 1893 33
58 756 33
59 386 33
60 379 33
61 0 33
62 21 33
63 6 33
64 14 33
65 7 33
66 0 33
67 0 33
68 0 33
69 0 33
70 0 33
71 0 33
72 0 33
73 0 33
74 0 33
75 0 33
76 0 33
77 0 33
78 0 33
79 0 33
80 0 33
81 0 33
82 0 33
83 0 33
84 0 33
85 0 33
86 0 33
87 0 33
88 0 33
89 0 33
90 0 33
91 0 33
92 0 33
93 0 33
94 0 33
95 0 33
96 0 33
97 0 33
98 0 33
99 0 33
100 0 33
101 0 33
102 0 33
103 0 33
104 0 33
105 0 33
106 0 33
107 0 33
108 0 33
109 0 33
110 0 33
111 0 33
112 0 33
113 0 33
114 0 33
115 0 33
116 0 33
117 0 33
118 0 33
119 0 33
120 0 33

11.3066
0 0 34
1 0 34
2 0 34
3 0 34
4 0 34
5 0 34
6 0 34
7 0 34
8 0 34
9 0 34
10 0 34
11 0 34
12 0 34
13 0 34
14 0 34
15 0 34
16 0 34
17 0 34
18 0 34
19 0 34
20 0 34
21 0 34
22 0 34
23 0 34
24 0 34
25 0 34
26 0 34
27 0 34
28 0 34
29 0 34
30 0 34
31 0 34
32 0 34
33 0 34
34 0 34
35 0 34
36 0 34
37 0 34
38 0 34
39 0 34
40 0 34
41 0 34
42 13 34
43 93 34
44 2437 34
45 29193 34
46 176826 34
47 571365 34
48 1116104 34
49 1523132 34
50 1696913 34
51 1576604 34
52 1285789 34
53 886023 34
54 554034 34
55 311895 34
56 157384 34
57 64937 34
58 22960 34
59 15784 34
60 4418 34
61 3091 34
62 189 34
63 298 34
64 309 34
65 154 34
66 51 34
67 0 34
68 0 34
69 0 34
70 4 34
71 0 34
72 0 34
73 0 34
74 0 34
75 0 34
76 0 34
77 0 34
78 0 34
79 0 34
80 0 34
81 0 34
82 0 34
83 0 34
84 0 34
85 0 34
86 0 34
87 0 34
88 0 34
89 0 34
90 0 34
91 0 34
92 0 34
93 0 34
94 0 34
95 0 34
96 0 34
97 0 34
98 0 34
99 0 34
100 0 34
101 0 34
102 0 34
103 0 34
104 0 34
105 0 34
106 0 34
107 0 34
108 0 34
109 0 34
110 0 34
111 0 34
112 0 34
113 0 34
114 0 34
115 0 34
116 0 34
117 0 34
118 0 34
119 0 34
120 0 34

11.0655
0 0 35
1 0 35
2 0 35
3 0 35
4 0 35
5 0 35
6 0 35
7 0 35
8 0 35
9 0 35
10 0 35
11 0 35
12 0 35
13 0 35
14 0 35
15 0 35
16 0 35
17 0 35
18 0 35
19 0 35
20 0 35
21 0 35
22 0 35
23 0 35
24 0 35
25 0 35
26 0 35
27 0 35
28 0 35
29 0 35
30 0 35
31 0 35
32 0 35
33 0 35
34 0 35
35 0 35
36 0 35
37 0 35
38 0 35
39 0 35
40 0 35
41 0 35
42 0 35
43 0 35
44 0 35
45 0 35
46 0 35
47 0 35
48 104 35
49 1361 35
50 25448 35
51 188333 35
52 674725 35
53 1221709 35
54 1680731 35
55 1776739 35
56 1562065 35
57 1207728 35
58 797206 35
59 453809 35
60 227304 35
61 111511 35
62 43080 35
63 18272 35
64 2208 35
65 5268 35
66 1712 35
67 493 35
68 0 35
69 0 35
70 100 35
71 94 35
72 0 35
73 0 35
74 0 35
75 0 35
76 0 35
77 0 35
78 0 35
79 0 35
80 0 35
81 0 35
82 0 35
83 0 35
84 0 35
85 0 35
86 0 35
87 0 35
88 0 35
89 0 35
90 0 35
91 0 35
92 0 35
93 0 35
94 0 35
95 0 35
96 0 35
97 0 35
98 0 35
99 0 35
100 0 35
101 0 35
102 0 35
103 0 35
104 0 35
105 0 35
106 0 35
107 0 35
108 0 35
109 0 35
110 0 35
111 0 35
112 0 35
113 0 35
114 0 35
115 0 35
116 0 35
117 0 35
118 0 35
119 0 35
120 0 35

10.8961
0 0 36
1 0 36
2 0 36
3 0 36
4 0 36
5 0 36
6 0 36
7 0 36
8 0 36
9 0 36
10 0 36
11 0 36
12 0 36
13 0 36
14 0 36
15 0 36
16 0 36
17 0 36
18 0 36
19 0 36
20 0 36
21 0 36
22 0 36
23 0 36
24 0 36
25 0 36
26 0 36
27 0 36
28 0 36
29 0 36
30 0 36
31 0 36
32 0 36
33 0 36
34 0 36
35 0 36
36 0 36
37 0 36
38 0 36
39 0 36
40 0 36
41 0 36
42 0 36
43 0 36
44 0 36
45 0 36
46 0 36
47 0 36
48 0 36
49 0 36
50 0 36
51 0 36
52 0 36
53 0 36
54 323 36
55 7591 36
56 108855 36
57 575424 36
58 1206208 36
59 1729907 36
60 1911791 36
61 1678583 36
62 1202092 36
63 802811 36
64 450080 36
65 183147 36
66 89287 36
67 32213 36
68 15404 36
69 3697 36
70 72 36
71 1452 36
72 1027 36
73 0 36
74 0 36
75 0 36
76 0 36
77 35 36
78 0 36
79 0 36
80 0 36
81 0 36
82 0 36
83 0 36
84 1 36
85 0 36
86 0 36
87 0 36
88 0 36
89 0 36
90 0 36
91 0 36
92 0 36
93 0 36
94 0 36
95 0 36
96 0 36
97 0 36
98 0 36
99 0 36
100 0 36
101 0 36
102 0 36
103 0 36
104 0 36
105 0 36
106 0 36
107 0 36
108 0 36
109 0 36
110 0 36
111 0 36
112 0 36
113 0 36
114 0 36
115 0 36
116 0 36
117 0 36
118 0 36
119 0 36
120 0 36

10.5889
0 0 37
1 0 37
2 0 37
3 0 37
4 0 37
5 0 37
6 0 37
7 0 37
8 0 37
9 0 37
10 0 37
11 0 37
12 0 37
13 0 37
14 0 37
15 0 37
16 0 37
17 0 37
18 0 37
19 0 37
20 0 37
21 0 37
22 0 37
23 0 37
24 0 37
25 0 37
26 0 37
27 0 37
28 0 37
29 0 37
30 0 37
31 0 37
32 0 37
33 0 37
34 0 37
35 0 37
36 0 37
37 0 37
38 0 37
39 0 37
40 0 37
41 0 37
42 0 37
43 0 37
44 0 37
45 0 37
46 0 37
47 0 37
48 0 37
49 0 37
50 0 37
51 0 37
52 0 37
53 0 37
54 0 37
55 0 37
56 0 37
57 0 37
58 0 37
59 0 37
60 294 37
61 15238 37
62 257076 37
63 920319 37
64 1680330 37
65 2015716 37
66 1910830 37
67 1473800 37
68 882712 37
69 466236 37
70 268189 37
71 65101 37
72 21545 37
73 13666 37
74 8278 37
75 0 37
76 0 37
77 14 37
78 651 37
79 0 37
80 0 37
81 0 37
82 0 37
83 0 37
84 5 37
85 0 37
86 0 37
87 0 37
88 0 37
89 0 37
90 0 37
91 0 37
92 0 37
93 0 37
94 0 37
95 0 37
96 0 37
97 0 37
98 0 37
99 0 37
100 0 37
101 0 37
102 0 37
103 0 37
104 0 37
105 0 37
106 0 37
107 0 37
108 0 37
109 0 37
110 0 37
111 0 37
112 0 37
113 0 37
114 0 37
115 0 37
116 0 37
117 0 37
118 0 37
119 0 37
120 0 37

10.168
0 0 38
1 0 38
2 0 38
3 0 38
4 0 38
5 0 38
6 0 38
7 0 38
8 0 38
9 0 38
10 0 38
11 0 38
12 0 38
13 0 38
14 0 38
15 0 38
16 0 38
17 0 38
18 0 38
19 0 38
20 0 38
21 0 38
22 0 38
23 0 38
24 0 38
25 0 38
26 0 38
27 0 38
28 0 38
29 0 38
30 0 38
31 0 38
32 0 38
33 0 38
34 0 38
35 0 38
36 0 38
37 0 38
38 0 38
39 0 38
40 0 38
41 0 38
42 0 38
43 0 38
44 0 38
45 0 38
46 0 38
47 0 38
48 0 38
49 0 38
50 0 38
51 0 38
52 0 38
53 0 38
54 0 38
55 0 38
56 0 38
57 0 38
58 0 38
59 0 38
60 0 38
61 0 38
62 0 38
63 0 38
64 0 38
65 0 38
66 0 38
67 8249 38
68 312956 38
69 1077941 38
70 2073177 38
71 2199340 38
72 1915152 38
73 1244974 38
74 727867 38
75 259353 38
76 124051 38
77 50015 38
78 0 38
79 576 38
80 6263 38
81 0 38
82 0 38
83 0 38
84 0 38
85 86 38
86 0 38
87 0 38
88 0 38
89 0 38
90 0 38
91 0 38
92 0 38
93 0 38
94 0 38
95 0 38
96 0 38
97 0 38
98 0 38
99 0 38
100 0 38
101 0 38
102 0 38
103 0 38
104 0 38
105 0 38
106 0 38
107 0 38
108 0 38
109 0 38
110 0 38
111 0 38
112 0 38
113 0 38
114 0 38
115 0 38
116 0 38
117 0 38
118 0 38
119 0 38
120 0 38

9.75195
0 0 39
1 0 39
2 0 39
3 0 39
4 0 39
5 0 39
6 0 39
7 0 39
8 0 39
9 0 39
10 0 39
11 0 39
12 0 39
13 0 39
14 0 39
15 0 39
16 0 39
17 0 39
18 0 39
19 0 39
20 0 39
21 0 39
22 0 39
23 0 39
24 0 39
25 0 39
26 0 39
27 0 39
28 0 39
29 0 39
30 0 39
31 0 39
32 0 39
33 0 39
34 0 39
35 0 39
36 0 39
37 0 39
38 0 39
39 0 39
40 0 39
41 0 39
42 0 39
43 0 39
44 0 39
45 0 39
46 0 39
47 0 39
48 0 39
49 0 39
50 0 39
51 0 39
52 0 39
53 0 39
54 0 39
55 0 39
56 0 39
57 0 39
58 0 39
59 0 39
60 0 39
61 0 39
62 0 39
63 0 39
64 0 39
65 0 39
66 0 39
67 0 39
68 0 39
69 0 39
70 0 39
71 0 39
72 0 39
73 0 39
74 131732 39
75 1036743 39
76 2097853 39
77 2700132 39
78 1933738 39
79 1207208 39
80 614324 39
81 221518 39
82 9431 39
83 46268 39
84 0 39
85 0 39
86 0 39
87 1053 39
88 0 39
89 0 39
90 0 39
91 0 39
92 0 39
93 0 39
94 0 39
95 0 39
96 0 39
97 0 39
98 0 39
99 0 39
100 0 39
101 0 39
102 0 39
103 0 39
104 0 39
105 0 39
106 0 39
107 0 39
108 0 39
109 0 39
110 0 39
111 0 39
112 0 39
113 0 39
114 0 39
115 0 39
116 0 39
117 0 39
118 0 39
119 0 39
120 0 39

9.24263
0 0 40
1 0 40
2 0 40
3 0 40
4 0 40
5 0 40
6 0 40
7 0 40
8 0 40
9 0 40
10 0 40
11 0 40
12 0 40
13 0 40
14 0 40
15 0 40
16 0 40
17 0 40
18 0 40
19 0 40
20 0 40
21 0 40
22 0 40
23 0 40
24 0 40
25 0 40
26 0 40
27 0 40
28 0 40
29 0 40
30 0 40
31 0 40
32 0 40
33 0 40
34 0 40
35 0 40
36 0 40
37 0 40
38 0 40
39 0 40
40 0 40
41 0 40
42 0 40
43 0 40
44 0 40
45 0 40
46 0 40
47 0 40
48 0 40
49 0 40
50 0 40
51 0 40
52 0 40
53 0 40
54 0 40
55 0 40
56 0 40
57 0 40
58 0 40
59 0 40
60 0 40
61 0 40
62 0 40
63 0 40
64 0 40
65 0 40
66 0 40
67 0 40
68 0 40
69 0 40
70 0 40
71 0 40
72 0 40
73 0 40
74 0 40
75 0 40
76 0 40
77 0 40
78 0 40
79 0 40
80 7822 40
81 309818 40
82 1959560 40
83 2888245 40
84 2654660 40
85 1384473 40
86 516057 40
87 268857 40
88 0 40
89 0 40
90 10508 40
91 0 40
92 0 40
93 0 40
94 0 40
95 0 40
96 0 40
97 0 40
98 0 40
99 0 40
100 0 40
101 0 40
102 0 40
103 0 40
104 0 40
105 0 40
106 0 40
107 0 40
108 0 40
109 0 40
110 0 40
111 0 40
112 0 40
113 0 40
114 0 40
115 0 40
116 0 40
117 0 40
118 0 40
119 0 40
120 0 40

8.77213
0 0 41
1 0 41
2 0 41
3 0 41
4 0 41
5 0 41
6 0 41
7 0 41
8 0 41
9 0 41
10 0 41
11 0 41
12 0 41
13 0 41
14 0 41
15 0 41
16 0 41
17 0 41
18 0 41
19 0 41
20 0 41
21 0 41
22 0 41
23 0 41
24 0 41
25 0 41
26 0 41
27 0 41
28 0 41
29 0 41
30 0 41
31 0 41
32 0 41
33 0 41
34 0 41
35 0 41
36 0 41
37 0 41
38 0 41
39 0 41
40 0 41
41 0 41
42 0 41
43 0 41
44 0 41
45 0 41
46 0 41
47 0 41
48 0 41
49 0 41
50 0 41
51 0 41
52 0 41
53 0 41
54 0 41
55 0 41
56 0 41
57 0 41
58 0 41
59 0 41
60 0 41
61 0 41
62 0 41
63 0 41
64 0 41
65 0 41
66 0 41
67 0 41
68 0 41
69 0 41
70 0 41
71 0 41
72 0 41
73 0 41
74 0 41
75 0 41
76 0 41
77 0 41
78 0 41
79 0 41
80 0 41
81 0 41
82 0 41
83 0 41
84 0 41
85 0 41
86 0 41
87 0 41
88 317672 41
89 2535168 41
90 3972949 41
91 1861511 41
92 1227925 41
93 0 41
94 84775 41
95 0 41
96 0 41
97 0 41
98 0 41
99 0 41
100 0 41
101 0 41
102 0 41
103 0 41
104 0 41
105 0 41
106 0 41
107 0 41
108 0 41
109 0 41
110 0 41
111 0 41
112 0 41
113 0 41
114 0 41
115 0 41
116 0 41
117 0 41
118 0 41
119 0 41
120 0 41

8.16716
0 0 42
1 0 42
2 0 42
3 0 42
4 0 42
5 0 42
6 0 42
7 0 42
8 0 42
9 0 42
10 0 42
11 0 42
12 0 42
13 0 42
14 0 42
15 0 42
16 0 42
17 0 42
18 0 42
19 0 42
20 0 42
21 0 42
22 0 42
23 0 42
24 0 42
25 0 42
26 0 42
27 0 42
28 0 42
29 0 42
30 0 42
31 0 42
32 0 42
33 0 42
34 0 42
35 0 42
36 0 42
37 0 42
38 0 42
39 0 42
40 0 42
41 0 42
42 0 42
43 0 42
44 0 42
45 0 42
46 0 42
47 0 42
48 0 42
49 0 42
50 0 42
51 0 42
52 0 42
53 0 42
54 0 42
55 0 42
56 0 42
57 0 42
58 0 42
59 0 42
60 0 42
61 0 42
62 0 42
63 0 42
64 0 42
65 0 42
66 0 42
67 0 42
68 0 42
69 0 42
70 0 42
71 0 42
72 0 42
73 0 42
74 0 42
75 0 42
76 0 42
77 0 42
78 0 42
79 0 42
80 0 42
81 0 42
82 0 42
83 0 42
84 0 42
85 0 42
86 0 42
87 0 42
88 0 42
89 0 42
90 0 42
91 0 42
92 0 42
93 0 42
94 0 42
95 0 42
96 2219472 42
97 5326485 42
98 1861762 42
99 592281 42
100 0 42
101 0 42
102 0 42
103 0 42
104 0 42
105 0 42
106 0 42
107 0 42
108 0 42
109 0 42
110 0 42
111 0 42
112 0 42
113 0 42
114 0 42
115 0 42
116 0 42
117 0 42
118 0 42
119 0 42
120 0 42

7.56284
0 0 43
1 0 43
2 0 43
3 0 43
4 0 43
5 0 43
6 0 43
7 0 43
8 0 43
9 0 43
10 0 43
11 0 43
12 0 43
13 0 43
14 0 43
15 0 43
16 0 43
17 0 43
18 0 43
19 0 43
20 0 43
21 0 43
22 0 43
23 0 43
24 0 43
25 0 43
26 0 43
27 0 43
28 0 43
29 0 43
30 0 43
31 0 43
32 0 43
33 0 43
34 0 43
35 0 43
36 0 43
37 0 43
38 0 43
39 0 43
40 0 43
41 0 43
42 0 43
43 0 43
44 0 43
45 0 43
46 0 43
47 0 43
48 0 43
49 0 43
50 0 43
51 0 43
52 0 43
53 0 43
54 0 43
55 0 43
56 0 43
57 0 43
58 0 43
59 0 43
60 0 43
61 0 43
62 0 43
63 0 43
64 0 43
65 0 43
66 0 43
67 0 43
68 0 43
69 0 43
70 0 43
71 0 43
72 0 43
73 0 43
74 0 43
75 0 43
76 0 43
77 0 43
78 0 43
79 0 43
80 0 43
81 0 43
82 0 43
83 0 43
84 0 43
85 0 43
86 0 43
87 0 43
88 0 43
89 0 43
90 0 43
91 0 43
92 0 43
93 0 43
94 0 43
95 0 43
96 0 43
97 0 43
98 0 43
99 0 43
100 0 43
101 0 43
102 0 43
103 0 43
104 6364072 43
105 3635928 43
106 0 43
107 0 43
108 0 43
109 0 43
110 0 43
111 0 43
112 0 43
113 0 43
114 0 43
115 0 43
116 0 43
117 0 43
118 0 43
119 0 43
120 0 43

6.66929
0 0 44
1 0 44
2 0 44
3 0 44
4 0 44
5 0 44
6 0 44
7 0 44
8 0 44
9 0 44
10 0 44
11 0 44
12 0 44
13 0 44
14 0 44
15 0 44
16 0 44
17 0 44
18 0 44
19 0 44
20 0 44
21 0 44
22 0 44
23 0 44
24 0 44
25 0 44
26 0 44
27 0 44
28 0 44
29 0 44
30 0 44
31 0 44
32 0 44
33 0 44
34 0 44
35 0 44
36 0 44
37 0 44
38 0 44
39 0 44
40 0 44
41 0 44
42 0 44
43 0 44
44 0 44
45 0 44
46 0 44
47 0 44
48 0 44
49 0 44
50 0 44
51 0 44
52 0 44
53 0 44
54 0 44
55 0 44
56 0 44
57 0 44
58 0 44
59 0 44
60 0 44
61 0 44
62 0 44
63 0 44
64 0 44
65 0 44
66 0 44
67 0 44
68 0 44
69 0 44
70 0 44
71 0 44
72 0 44
73 0 44
74 0 44
75 0 44
76 0 44
77 0 44
78 0 44
79 0 44
80 0 44
81 0 44
82 0 44
83 0 44
84 0 44
85 0 44
86 0 44
87 0 44
88 0 44
89 0 44
90 0 44
91 0 44
92 0 44
93 0 44
94 0 44
95 0 44
96 0 44
97 0 44
98 0 44
99 0 44
100 0 44
101 0 44
102 0 44
103 0 44
104 0 44
105 0 44
106 0 44
107 0 44
108 0 44
109 0 44
110 0 44
111 0 44
112 10000000 44
113 0 44
114 0 44
115 0 44
116 0 44
117 0 44
118 0 44
119 0 44
120 0 44

6.58116
0 0 45
1 0 45
2 0 45
3 0 45
4 0 45
5 0 45
6 0 45
7 0 45
8 0 45
9 0 45
10 0 45
11 0 45
12 0 45
13 0 45
14 0 45
15 0 45
16 0 45
17 0 45
18 0 45
19 0 45
20 0 45
21 0 45
22 0 45
23 0 45
24 0 45
25 0 45
26 0 45
27 0 45
28 0 45
29 0 45
30 0 45
31 0 45
32 0 45
33 0 45
34 0 45
35 0 45
36 0 45
37 0 45
38 0 45
39 0 45
40 0 45
41 0 45
42 0 45
43 0 45
44 0 45
45 0 45
46 0 45
47 0 45
48 0 45
49 0 45
50 0 45
51 0 45
52 0 45
53 0 45
54 0 45
55 0 45
56 0 45
57 0 45
58 0 45
59 0 45
60 0 45
61 0 45
62 0 45
63 0 45
64 0 45
65 0 45
66 0 45
67 0 45
68 0 45
69 0 45
70 0 45
71 0 45
72 0 45
73 0 45
74 0 45
75 0 45
76 0 45
77 0 45
78 0 45
79 0 45
80 0 45
81 0 45
82 0 45
83 0 45
84 0 45
85 0 45
86 0 45
87 0 45
88 0 45
89 0 45
90 0 45
91 0 45
92 0 45
93 0 45
94 0 45
95 0 45
96 0 45
97 0 45
98 0 45
99 0 45
100 0 45
101 0 45
102 0 45
103 0 45
104 0 45
105 0 45
106 0 45
107 0 45
108 0 45
109 0 45
110 0 45
111 0 45
112 0 45
113 0 45
114 0 45
115 0 45
116 0 45
117 0 45
118 0 45
119 0 45
120 10000000 45

