11 10000000
9.00172
0 9936701 3
1 63299 3
2 0 3
3 0 3
4 0 3
5 0 3
6 0 3
7 0 3
8 0 3
9 0 3
10 0 3
11 0 3
12 0 3
13 0 3
14 0 3
15 0 3
16 0 3
17 0 3
18 0 3
19 0 3
20 0 3
21 0 3
22 0 3
23 0 3
24 0 3
25 0 3
26 0 3
27 0 3
28 0 3
29 0 3
30 0 3
31 0 3
32 0 3
33 0 3
34 0 3
35 0 3
36 0 3
37 0 3
38 0 3
39 0 3
40 0 3
41 0 3
42 0 3
43 0 3
44 0 3
45 0 3
46 0 3
47 0 3
48 0 3
49 0 3
50 0 3
51 0 3
52 0 3
53 0 3
54 0 3
55 0 3
56 0 3
57 0 3
58 0 3
59 0 3
60 0 3
61 0 3
62 0 3
63 0 3
64 0 3
65 0 3
66 0 3
67 0 3
68 0 3
69 0 3
70 0 3
71 0 3
72 0 3
73 0 3
74 0 3
75 0 3
76 0 3
77 0 3
78 0 3
79 0 3
80 0 3
81 0 3
82 0 3
83 0 3
84 0 3
85 0 3
86 0 3
87 0 3
88 0 3
89 0 3
90 0 3
91 0 3
92 0 3
93 0 3
94 0 3
95 0 3
96 0 3
97 0 3
98 0 3
99 0 3
100 0 3
101 0 3
102 0 3
103 0 3
104 0 3
105 0 3
106 0 3
107 0 3
108 0 3
109 0 3
110 0 3
111 0 3
112 0 3
113 0 3
114 0 3
115 0 3
116 0 3
117 0 3
118 0 3
119 0 3
120 0 3
121 0 3
122 0 3
123 0 3
124 0 3
125 0 3
126 0 3
127 0 3
128 0 3
129 0 3
130 0 3
131 0 3
132 0 3
133 0 3
134 0 3
135 0 3
136 0 3
137 0 3
138 0 3
139 0 3
140 0 3
141 0 3
142 0 3
143 0 3
144 0 3
145 0 3
146 0 3
147 0 3
148 0 3
149 0 3
150 0 3
151 0 3
152 0 3
153 0 3
154 0 3
155 0 3
156 0 3
157 0 3
158 0 3
159 0 3
160 0 3
161 0 3
162 0 3
163 0 3
164 0 3
165 0 3

9.37862
0 9748268 4
1 251732 4
2 0 4
3 0 4
4 0 4
5 0 4
6 0 4
7 0 4
8 0 4
9 0 4
10 0 4
11 0 4
12 0 4
13 0 4
14 0 4
15 0 4
16 0 4
17 0 4
18 0 4
19 0 4
20 0 4
21 0 4
22 0 4
23 0 4
24 0 4
25 0 4
26 0 4
27 0 4
28 0 4
29 0 4
30 0 4
31 0 4
32 0 4
33 0 4
34 0 4
35 0 4
36 0 4
37 0 4
38 0 4
39 0 4
40 0 4
41 0 4
42 0 4
43 0 4
44 0 4
45 0 4
46 0 4
47 0 4
48 0 4
49 0 4
50 0 4
51 0 4
52 0 4
53 0 4
54 0 4
55 0 4
56 0 4
57 0 4
58 0 4
59 0 4
60 0 4
61 0 4
62 0 4
63 0 4
64 0 4
65 0 4
66 0 4
67 0 4
68 0 4
69 0 4
70 0 4
71 0 4
72 0 4
73 0 4
74 0 4
75 0 4
76 0 4
77 0 4
78 0 4
79 0 4
80 0 4
81 0 4
82 0 4
83 0 4
84 0 4
85 0 4
86 0 4
87 0 4
88 0 4
89 0 4
90 0 4
91 0 4
92 0 4
93 0 4
94 0 4
95 0 4
96 0 4
97 0 4
98 0 4
99 0 4
100 0 4
101 0 4
102 0 4
103 0 4
104 0 4
105 0 4
106 0 4
107 0 4
108 0 4
109 0 4
110 0 4
111 0 4
112 0 4
113 0 4
114 0 4
115 0 4
116 0 4
117 0 4
118 0 4
119 0 4
120 0 4
121 0 4
122 0 4
123 0 4
124 0 4
125 0 4
126 0 4
127 0 4
128 0 4
129 0 4
130 0 4
131 0 4
132 0 4
133 0 4
134 0 4
135 0 4
136 0 4
137 0 4
138 0 4
139 0 4
140 0 4
141 0 4
142 0 4
143 0 4
144 0 4
145 0 4
146 0 4
147 0 4
148 0 4
149 0 4
150 0 4
151 0 4
152 0 4
153 0 4
154 0 4
155 0 4
156 0 4
157 0 4
158 0 4
159 0 4
160 0 4
161 0 4
162 0 4
163 0 4
164 0 4
165 0 4

9.79661
0 9377253 5
1 617153 5
2 5594 5
3 0 5
4 0 5
5 0 5
6 0 5
7 0 5
8 0 5
9 0 5
10 0 5
11 0 5
12 0 5
13 0 5
14 0 5
15 0 5
16 0 5
17 0 5
18 0 5
19 0 5
20 0 5
21 0 5
22 0 5
23 0 5
24 0 5
25 0 5
26 0 5
27 0 5
28 0 5
29 0 5
30 0 5
31 0 5
32 0 5
33 0 5
34 0 5
35 0 5
36 0 5
37 0 5
38 0 5
39 0 5
40 0 5
41 0 5
42 0 5
43 0 5
44 0 5
45 0 5
46 0 5
47 0 5
48 0 5
49 0 5
50 0 5
51 0 5
52 0 5
53 0 5
54 0 5
55 0 5
56 0 5
57 0 5
58 0 5
59 0 5
60 0 5
61 0 5
62 0 5
63 0 5
64 0 5
65 0 5
66 0 5
67 0 5
68 0 5
69 0 5
70 0 5
71 0 5
72 0 5
73 0 5
74 0 5
75 0 5
76 0 5
77 0 5
78 0 5
79 0 5
80 0 5
81 0 5
82 0 5
83 0 5
84 0 5
85 0 5
86 0 5
87 0 5
88 0 5
89 0 5
90 0 5
91 0 5
92 0 5
93 0 5
94 0 5
95 0 5
96 0 5
97 0 5
98 0 5
99 0 5
100 0 5
101 0 5
102 0 5
103 0 5
104 0 5
105 0 5
106 0 5
107 0 5
108 0 5
109 0 5
110 0 5
111 0 5
112 0 5
113 0 5
114 0 5
115 0 5
116 0 5
117 0 5
118 0 5
119 0 5
120 0 5
121 0 5
122 0 5
123 0 5
124 0 5
125 0 5
126 0 5
127 0 5
128 0 5
129 0 5
130 0 5
131 0 5
132 0 5
133 0 5
134 0 5
135 0 5
136 0 5
137 0 5
138 0 5
139 0 5
140 0 5
141 0 5
142 0 5
143 0 5
144 0 5
145 0 5
146 0 5
147 0 5
148 0 5
149 0 5
150 0 5
151 0 5
152 0 5
153 0 5
154 0 5
155 0 5
156 0 5
157 0 5
158 0 5
159 0 5
160 0 5
161 0 5
162 0 5
163 0 5
164 0 5
165 0 5

10.2238
0 8780676 6
1 1181893 6
2 37324 6
3 0 6
4 107 6
5 0 6
6 0 6
7 0 6
8 0 6
9 0 6
10 0 6
11 0 6
12 0 6
13 0 6
14 0 6
15 0 6
16 0 6
17 0 6
18 0 6
19 0 6
20 0 6
21 0 6
22 0 6
23 0 6
24 0 6
25 0 6
26 0 6
27 0 6
28 0 6
29 0 6
30 0 6
31 0 6
32 0 6
33 0 6
34 0 6
35 0 6
36 0 6
37 0 6
38 0 6
39 0 6
40 0 6
41 0 6
42 0 6
43 0 6
44 0 6
45 0 6
46 0 6
47 0 6
48 0 6
49 0 6
50 0 6
51 0 6
52 0 6
53 0 6
54 0 6
55 0 6
56 0 6
57 0 6
58 0 6
59 0 6
60 0 6
61 0 6
62 0 6
63 0 6
64 0 6
65 0 6
66 0 6
67 0 6
68 0 6
69 0 6
70 0 6
71 0 6
72 0 6
73 0 6
74 0 6
75 0 6
76 0 6
77 0 6
78 0 6
79 0 6
80 0 6
81 0 6
82 0 6
83 0 6
84 0 6
85 0 6
86 0 6
87 0 6
88 0 6
89 0 6
90 0 6
91 0 6
92 0 6
93 0 6
94 0 6
95 0 6
96 0 6
97 0 6
98 0 6
99 0 6
100 0 6
101 0 6
102 0 6
103 0 6
104 0 6
105 0 6
106 0 6
107 0 6
108 0 6
109 0 6
110 0 6
111 0 6
112 0 6
113 0 6
114 0 6
115 0 6
116 0 6
117 0 6
118 0 6
119 0 6
120 0 6
121 0 6
122 0 6
123 0 6
124 0 6
125 0 6
126 0 6
127 0 6
128 0 6
129 0 6
130 0 6
131 0 6
132 0 6
133 0 6
134 0 6
135 0 6
136 0 6
137 0 6
138 0 6
139 0 6
140 0 6
141 0 6
142 0 6
143 0 6
144 0 6
145 0 6
146 0 6
147 0 6
148 0 6
149 0 6
150 0 6
151 0 6
152 0 6
153 0 6
154 0 6
155 0 6
156 0 6
157 0 6
158 0 6
159 0 6
160 0 6
161 0 6
162 0 6
163 0 6
164 0 6
165 0 6

10.6764
0 7944147 7
1 1916065 7
2 137456 7
3 1597 7
4 735 7
5 0 7
6 0 7
7 0 7
8 0 7
9 0 7
10 0 7
11 0 7
12 0 7
13 0 7
14 0 7
15 0 7
16 0 7
17 0 7
18 0 7
19 0 7
20 0 7
21 0 7
22 0 7
23 0 7
24 0 7
25 0 7
26 0 7
27 0 7
28 0 7
29 0 7
30 0 7
31 0 7
32 0 7
33 0 7
34 0 7
35 0 7
36 0 7
37 0 7
38 0 7
39 0 7
40 0 7
41 0 7
42 0 7
43 0 7
44 0 7
45 0 7
46 0 7
47 0 7
48 0 7
49 0 7
50 0 7
51 0 7
52 0 7
53 0 7
54 0 7
55 0 7
56 0 7
57 0 7
58 0 7
59 0 7
60 0 7
61 0 7
62 0 7
63 0 7
64 0 7
65 0 7
66 0 7
67 0 7
68 0 7
69 0 7
70 0 7
71 0 7
72 0 7
73 0 7
74 0 7
75 0 7
76 0 7
77 0 7
78 0 7
79 0 7
80 0 7
81 0 7
82 0 7
83 0 7
84 0 7
85 0 7
86 0 7
87 0 7
88 0 7
89 0 7
90 0 7
91 0 7
92 0 7
93 0 7
94 0 7
95 0 7
96 0 7
97 0 7
98 0 7
99 0 7
100 0 7
101 0 7
102 0 7
103 0 7
104 0 7
105 0 7
106 0 7
107 0 7
108 0 7
109 0 7
110 0 7
111 0 7
112 0 7
113 0 7
114 0 7
115 0 7
116 0 7
117 0 7
118 0 7
119 0 7
120 0 7
121 0 7
122 0 7
123 0 7
124 0 7
125 0 7
126 0 7
127 0 7
128 0 7
129 0 7
130 0 7
131 0 7
132 0 7
133 0 7
134 0 7
135 0 7
136 0 7
137 0 7
138 0 7
139 0 7
140 0 7
141 0 7
142 0 7
143 0 7
144 0 7
145 0 7
146 0 7
147 0 7
148 0 7
149 0 7
150 0 7
151 0 7
152 0 7
153 0 7
154 0 7
155 0 7
156 0 7
157 0 7
158 0 7
159 0 7
160 0 7
161 0 7
162 0 7
163 0 7
164 0 7
165 0 7

11.062
0 6886761 8
1 2728851 8
2 367393 8
3 13833 8
4 3035 8
5 127 8
6 0 8
7 0 8
8 0 8
9 0 8
10 0 8
11 0 8
12 0 8
13 0 8
14 0 8
15 0 8
16 0 8
17 0 8
18 0 8
19 0 8
20 0 8
21 0 8
22 0 8
23 0 8
24 0 8
25 0 8
26 0 8
27 0 8
28 0 8
29 0 8
30 0 8
31 0 8
32 0 8
33 0 8
34 0 8
35 0 8
36 0 8
37 0 8
38 0 8
39 0 8
40 0 8
41 0 8
42 0 8
43 0 8
44 0 8
45 0 8
46 0 8
47 0 8
48 0 8
49 0 8
50 0 8
51 0 8
52 0 8
53 0 8
54 0 8
55 0 8
56 0 8
57 0 8
58 0 8
59 0 8
60 0 8
61 0 8
62 0 8
63 0 8
64 0 8
65 0 8
66 0 8
67 0 8
68 0 8
69 0 8
70 0 8
71 0 8
72 0 8
73 0 8
74 0 8
75 0 8
76 0 8
77 0 8
78 0 8
79 0 8
80 0 8
81 0 8
82 0 8
83 0 8
84 0 8
85 0 8
86 0 8
87 0 8
88 0 8
89 0 8
90 0 8
91 0 8
92 0 8
93 0 8
94 0 8
95 0 8
96 0 8
97 0 8
98 0 8
99 0 8
100 0 8
101 0 8
102 0 8
103 0 8
104 0 8
105 0 8
106 0 8
107 0 8
108 0 8
109 0 8
110 0 8
111 0 8
112 0 8
113 0 8
114 0 8
115 0 8
116 0 8
117 0 8
118 0 8
119 0 8
120 0 8
121 0 8
122 0 8
123 0 8
124 0 8
125 0 8
126 0 8
127 0 8
128 0 8
129 0 8
130 0 8
131 0 8
132 0 8
133 0 8
134 0 8
135 0 8
136 0 8
137 0 8
138 0 8
139 0 8
140 0 8
141 0 8
142 0 8
143 0 8
144 0 8
145 0 8
146 0 8
147 0 8
148 0 8
149 0 8
150 0 8
151 0 8
152 0 8
153 0 8
154 0 8
155 0 8
156 0 8
157 0 8
158 0 8
159 0 8
160 0 8
161 0 8
162 0 8
163 0 8
164 0 8
165 0 8

11.612
0 5670336 9
1 3467809 9
2 786446 9
3 64501 9
4 9894 9
5 1006 9
6 0 9
7 8 9
8 0 9
9 0 9
10 0 9
11 0 9
12 0 9
13 0 9
14 0 9
15 0 9
16 0 9
17 0 9
18 0 9
19 0 9
20 0 9
21 0 9
22 0 9
23 0 9
24 0 9
25 0 9
26 0 9
27 0 9
28 0 9
29 0 9
30 0 9
31 0 9
32 0 9
33 0 9
34 0 9
35 0 9
36 0 9
37 0 9
38 0 9
39 0 9
40 0 9
41 0 9
42 0 9
43 0 9
44 0 9
45 0 9
46 0 9
47 0 9
48 0 9
49 0 9
50 0 9
51 0 9
52 0 9
53 0 9
54 0 9
55 0 9
56 0 9
57 0 9
58 0 9
59 0 9
60 0 9
61 0 9
62 0 9
63 0 9
64 0 9
65 0 9
66 0 9
67 0 9
68 0 9
69 0 9
70 0 9
71 0 9
72 0 9
73 0 9
74 0 9
75 0 9
76 0 9
77 0 9
78 0 9
79 0 9
80 0 9
81 0 9
82 0 9
83 0 9
84 0 9
85 0 9
86 0 9
87 0 9
88 0 9
89 0 9
90 0 9
91 0 9
92 0 9
93 0 9
94 0 9
95 0 9
96 0 9
97 0 9
98 0 9
99 0 9
100 0 9
101 0 9
102 0 9
103 0 9
104 0 9
105 0 9
106 0 9
107 0 9
108 0 9
109 0 9
110 0 9
111 0 9
112 0 9
113 0 9
114 0 9
115 0 9
116 0 9
117 0 9
118 0 9
119 0 9
120 0 9
121 0 9
122 0 9
123 0 9
124 0 9
125 0 9
126 0 9
127 0 9
128 0 9
129 0 9
130 0 9
131 0 9
132 0 9
133 0 9
134 0 9
135 0 9
136 0 9
137 0 9
138 0 9
139 0 9
140 0 9
141 0 9
142 0 9
143 0 9
144 0 9
145 0 9
146 0 9
147 0 9
148 0 9
149 0 9
150 0 9
151 0 9
152 0 9
153 0 9
154 0 9
155 0 9
156 0 9
157 0 9
158 0 9
159 0 9
160 0 9
161 0 9
162 0 9
163 0 9
164 0 9
165 0 9

12.0631
0 4394875 10
1 3957204 10
2 1404764 10
3 207844 10
4 29895 10
5 5187 10
6 154 10
7 77 10
8 0 10
9 0 10
10 0 10
11 0 10
12 0 10
13 0 10
14 0 10
15 0 10
16 0 10
17 0 10
18 0 10
19 0 10
20 0 10
21 0 10
22 0 10
23 0 10
24 0 10
25 0 10
26 0 10
27 0 10
28 0 10
29 0 10
30 0 10
31 0 10
32 0 10
33 0 10
34 0 10
35 0 10
36 0 10
37 0 10
38 0 10
39 0 10
40 0 10
41 0 10
42 0 10
43 0 10
44 0 10
45 0 10
46 0 10
47 0 10
48 0 10
49 0 10
50 0 10
51 0 10
52 0 10
53 0 10
54 0 10
55 0 10
56 0 10
57 0 10
58 0 10
59 0 10
60 0 10
61 0 10
62 0 10
63 0 10
64 0 10
65 0 10
66 0 10
67 0 10
68 0 10
69 0 10
70 0 10
71 0 10
72 0 10
73 0 10
74 0 10
75 0 10
76 0 10
77 0 10
78 0 10
79 0 10
80 0 10
81 0 10
82 0 10
83 0 10
84 0 10
85 0 10
86 0 10
87 0 10
88 0 10
89 0 10
90 0 10
91 0 10
92 0 10
93 0 10
94 0 10
95 0 10
96 0 10
97 0 10
98 0 10
99 0 10
100 0 10
101 0 10
102 0 10
103 0 10
104 0 10
105 0 10
106 0 10
107 0 10
108 0 10
109 0 10
110 0 10
111 0 10
112 0 10
113 0 10
114 0 10
115 0 10
116 0 10
117 0 10
118 0 10
119 0 10
120 0 10
121 0 10
122 0 10
123 0 10
124 0 10
125 0 10
126 0 10
127 0 10
128 0 10
129 0 10
130 0 10
131 0 10
132 0 10
133 0 10
134 0 10
135 0 10
136 0 10
137 0 10
138 0 10
139 0 10
140 0 10
141 0 10
142 0 10
143 0 10
144 0 10
145 0 10
146 0 10
147 0 10
148 0 10
149 0 10
150 0 10
151 0 10
152 0 10
153 0 10
154 0 10
155 0 10
156 0 10
157 0 10
158 0 10
159 0 10
160 0 10
161 0 10
162 0 10
163 0 10
164 0 10
165 0 10

12.4967
0 3168925 11
1 4052858 11
2 2145827 11
3 521984 11
4 89664 11
5 18784 11
6 1547 11
7 386 11
8 25 11
9 0 11
10 0 11
11 0 11
12 0 11
13 0 11
14 0 11
15 0 11
16 0 11
17 0 11
18 0 11
19 0 11
20 0 11
21 0 11
22 0 11
23 0 11
24 0 11
25 0 11
26 0 11
27 0 11
28 0 11
29 0 11
30 0 11
31 0 11
32 0 11
33 0 11
34 0 11
35 0 11
36 0 11
37 0 11
38 0 11
39 0 11
40 0 11
41 0 11
42 0 11
43 0 11
44 0 11
45 0 11
46 0 11
47 0 11
48 0 11
49 0 11
50 0 11
51 0 11
52 0 11
53 0 11
54 0 11
55 0 11
56 0 11
57 0 11
58 0 11
59 0 11
60 0 11
61 0 11
62 0 11
63 0 11
64 0 11
65 0 11
66 0 11
67 0 11
68 0 11
69 0 11
70 0 11
71 0 11
72 0 11
73 0 11
74 0 11
75 0 11
76 0 11
77 0 11
78 0 11
79 0 11
80 0 11
81 0 11
82 0 11
83 0 11
84 0 11
85 0 11
86 0 11
87 0 11
88 0 11
89 0 11
90 0 11
91 0 11
92 0 11
93 0 11
94 0 11
95 0 11
96 0 11
97 0 11
98 0 11
99 0 11
100 0 11
101 0 11
102 0 11
103 0 11
104 0 11
105 0 11
106 0 11
107 0 11
108 0 11
109 0 11
110 0 11
111 0 11
112 0 11
113 0 11
114 0 11
115 0 11
116 0 11
117 0 11
118 0 11
119 0 11
120 0 11
121 0 11
122 0 11
123 0 11
124 0 11
125 0 11
126 0 11
127 0 11
128 0 11
129 0 11
130 0 11
131 0 11
132 0 11
133 0 11
134 0 11
135 0 11
136 0 11
137 0 11
138 0 11
139 0 11
140 0 11
141 0 11
142 0 11
143 0 11
144 0 11
145 0 11
146 0 11
147 0 11
148 0 11
149 0 11
150 0 11
151 0 11
152 0 11
153 0 11
154 0 11
155 0 11
156 0 11
157 0 11
158 0 11
159 0 11
160 0 11
161 0 11
162 0 11
163 0 11
164 0 11
165 0 11

12.981
0 2105780 12
1 3716683 12
2 2813844 12
3 1052029 12
4 243521 12
5 57517 12
6 8725 12
7 1625 12
8 263 12
9 5 12
10 8 12
11 0 12
12 0 12
13 0 12
14 0 12
15 0 12
16 0 12
17 0 12
18 0 12
19 0 12
20 0 12
21 0 12
22 0 12
23 0 12
24 0 12
25 0 12
26 0 12
27 0 12
28 0 12
29 0 12
30 0 12
31 0 12
32 0 12
33 0 12
34 0 12
35 0 12
36 0 12
37 0 12
38 0 12
39 0 12
40 0 12
41 0 12
42 0 12
43 0 12
44 0 12
45 0 12
46 0 12
47 0 12
48 0 12
49 0 12
50 0 12
51 0 12
52 0 12
53 0 12
54 0 12
55 0 12
56 0 12
57 0 12
58 0 12
59 0 12
60 0 12
61 0 12
62 0 12
63 0 12
64 0 12
65 0 12
66 0 12
67 0 12
68 0 12
69 0 12
70 0 12
71 0 12
72 0 12
73 0 12
74 0 12
75 0 12
76 0 12
77 0 12
78 0 12
79 0 12
80 0 12
81 0 12
82 0 12
83 0 12
84 0 12
85 0 12
86 0 12
87 0 12
88 0 12
89 0 12
90 0 12
91 0 12
92 0 12
93 0 12
94 0 12
95 0 12
96 0 12
97 0 12
98 0 12
99 0 12
100 0 12
101 0 12
102 0 12
103 0 12
104 0 12
105 0 12
106 0 12
107 0 12
108 0 12
109 0 12
110 0 12
111 0 12
112 0 12
113 0 12
114 0 12
115 0 12
116 0 12
117 0 12
118 0 12
119 0 12
120 0 12
121 0 12
122 0 12
123 0 12
124 0 12
125 0 12
126 0 12
127 0 12
128 0 12
129 0 12
130 0 12
131 0 12
132 0 12
133 0 12
134 0 12
135 0 12
136 0 12
137 0 12
138 0 12
139 0 12
140 0 12
141 0 12
142 0 12
143 0 12
144 0 12
145 0 12
146 0 12
147 0 12
148 0 12
149 0 12
150 0 12
151 0 12
152 0 12
153 0 12
154 0 12
155 0 12
156 0 12
157 0 12
158 0 12
159 0 12
160 0 12
161 0 12
162 0 12
163 0 12
164 0 12
165 0 12

13.5241
0 1270863 13
1 3019470 13
2 3190480 13
3 1746104 13
4 571241 13
5 157905 13
6 35310 13
7 6937 13
8 1552 13
9 74 13
10 58 13
11 6 13
12 0 13
13 0 13
14 0 13
15 0 13
16 0 13
17 0 13
18 0 13
19 0 13
20 0 13
21 0 13
22 0 13
23 0 13
24 0 13
25 0 13
26 0 13
27 0 13
28 0 13
29 0 13
30 0 13
31 0 13
32 0 13
33 0 13
34 0 13
35 0 13
36 0 13
37 0 13
38 0 13
39 0 13
40 0 13
41 0 13
42 0 13
43 0 13
44 0 13
45 0 13
46 0 13
47 0 13
48 0 13
49 0 13
50 0 13
51 0 13
52 0 13
53 0 13
54 0 13
55 0 13
56 0 13
57 0 13
58 0 13
59 0 13
60 0 13
61 0 13
62 0 13
63 0 13
64 0 13
65 0 13
66 0 13
67 0 13
68 0 13
69 0 13
70 0 13
71 0 13
72 0 13
73 0 13
74 0 13
75 0 13
76 0 13
77 0 13
78 0 13
79 0 13
80 0 13
81 0 13
82 0 13
83 0 13
84 0 13
85 0 13
86 0 13
87 0 13
88 0 13
89 0 13
90 0 13
91 0 13
92 0 13
93 0 13
94 0 13
95 0 13
96 0 13
97 0 13
98 0 13
99 0 13
100 0 13
101 0 13
102 0 13
103 0 13
104 0 13
105 0 13
106 0 13
107 0 13
108 0 13
109 0 13
110 0 13
111 0 13
112 0 13
113 0 13
114 0 13
115 0 13
116 0 13
117 0 13
118 0 13
119 0 13
120 0 13
121 0 13
122 0 13
123 0 13
124 0 13
125 0 13
126 0 13
127 0 13
128 0 13
129 0 13
130 0 13
131 0 13
132 0 13
133 0 13
134 0 13
135 0 13
136 0 13
137 0 13
138 0 13
139 0 13
140 0 13
141 0 13
142 0 13
143 0 13
144 0 13
145 0 13
146 0 13
147 0 13
148 0 13
149 0 13
150 0 13
151 0 13
152 0 13
153 0 13
154 0 13
155 0 13
156 0 13
157 0 13
158 0 13
159 0 13
160 0 13
161 0 13
162 0 13
163 0 13
164 0 13
165 0 13

14.1271
0 690266 14
1 2158888 14
2 3094865 14
3 2404560 14
4 1118520 14
5 386914 14
6 111219 14
7 26698 14
8 6777 14
9 916 14
10 309 14
11 61 14
12 5 14
13 2 14
14 0 14
15 0 14
16 0 14
17 0 14
18 0 14
19 0 14
20 0 14
21 0 14
22 0 14
23 0 14
24 0 14
25 0 14
26 0 14
27 0 14
28 0 14
29 0 14
30 0 14
31 0 14
32 0 14
33 0 14
34 0 14
35 0 14
36 0 14
37 0 14
38 0 14
39 0 14
40 0 14
41 0 14
42 0 14
43 0 14
44 0 14
45 0 14
46 0 14
47 0 14
48 0 14
49 0 14
50 0 14
51 0 14
52 0 14
53 0 14
54 0 14
55 0 14
56 0 14
57 0 14
58 0 14
59 0 14
60 0 14
61 0 14
62 0 14
63 0 14
64 0 14
65 0 14
66 0 14
67 0 14
68 0 14
69 0 14
70 0 14
71 0 14
72 0 14
73 0 14
74 0 14
75 0 14
76 0 14
77 0 14
78 0 14
79 0 14
80 0 14
81 0 14
82 0 14
83 0 14
84 0 14
85 0 14
86 0 14
87 0 14
88 0 14
89 0 14
90 0 14
91 0 14
92 0 14
93 0 14
94 0 14
95 0 14
96 0 14
97 0 14
98 0 14
99 0 14
100 0 14
101 0 14
102 0 14
103 0 14
104 0 14
105 0 14
106 0 14
107 0 14
108 0 14
109 0 14
110 0 14
111 0 14
112 0 14
113 0 14
114 0 14
115 0 14
116 0 14
117 0 14
118 0 14
119 0 14
120 0 14
121 0 14
122 0 14
123 0 14
124 0 14
125 0 14
126 0 14
127 0 14
128 0 14
129 0 14
130 0 14
131 0 14
132 0 14
133 0 14
134 0 14
135 0 14
136 0 14
137 0 14
138 0 14
139 0 14
140 0 14
141 0 14
142 0 14
143 0 14
144 0 14
145 0 14
146 0 14
147 0 14
148 0 14
149 0 14
150 0 14
151 0 14
152 0 14
153 0 14
154 0 14
155 0 14
156 0 14
157 0 14
158 0 14
159 0 14
160 0 14
161 0 14
162 0 14
163 0 14
164 0 14
165 0 14

14.7613
0 331858 15
1 1339123 15
2 2559472 15
3 2746184 15
4 1790939 15
5 814371 15
6 295671 15
7 89104 15
8 25732 15
9 5708 15
10 1373 15
11 395 15
12 47 15
13 21 15
14 2 15
15 0 15
16 0 15
17 0 15
18 0 15
19 0 15
20 0 15
21 0 15
22 0 15
23 0 15
24 0 15
25 0 15
26 0 15
27 0 15
28 0 15
29 0 15
30 0 15
31 0 15
32 0 15
33 0 15
34 0 15
35 0 15
36 0 15
37 0 15
38 0 15
39 0 15
40 0 15
41 0 15
42 0 15
43 0 15
44 0 15
45 0 15
46 0 15
47 0 15
48 0 15
49 0 15
50 0 15
51 0 15
52 0 15
53 0 15
54 0 15
55 0 15
56 0 15
57 0 15
58 0 15
59 0 15
60 0 15
61 0 15
62 0 15
63 0 15
64 0 15
65 0 15
66 0 15
67 0 15
68 0 15
69 0 15
70 0 15
71 0 15
72 0 15
73 0 15
74 0 15
75 0 15
76 0 15
77 0 15
78 0 15
79 0 15
80 0 15
81 0 15
82 0 15
83 0 15
84 0 15
85 0 15
86 0 15
87 0 15
88 0 15
89 0 15
90 0 15
91 0 15
92 0 15
93 0 15
94 0 15
95 0 15
96 0 15
97 0 15
98 0 15
99 0 15
100 0 15
101 0 15
102 0 15
103 0 15
104 0 15
105 0 15
106 0 15
107 0 15
108 0 15
109 0 15
110 0 15
111 0 15
112 0 15
113 0 15
114 0 15
115 0 15
116 0 15
117 0 15
118 0 15
119 0 15
120 0 15
121 0 15
122 0 15
123 0 15
124 0 15
125 0 15
126 0 15
127 0 15
128 0 15
129 0 15
130 0 15
131 0 15
132 0 15
133 0 15
134 0 15
135 0 15
136 0 15
137 0 15
138 0 15
139 0 15
140 0 15
141 0 15
142 0 15
143 0 15
144 0 15
145 0 15
146 0 15
147 0 15
148 0 15
149 0 15
150 0 15
151 0 15
152 0 15
153 0 15
154 0 15
155 0 15
156 0 15
157 0 15
158 0 15
159 0 15
160 0 15
161 0 15
162 0 15
163 0 15
164 0 15
165 0 15

15.4133
0 139144 16
1 710045 16
2 1774855 16
3 2580010 16
4 2331787 16
5 1427438 16
6 664625 16
7 252732 16
8 85317 16
9 25189 16
10 6458 16
11 1886 16
12 377 16
13 111 16
14 23 16
15 0 16
16 3 16
17 0 16
18 0 16
19 0 16
20 0 16
21 0 16
22 0 16
23 0 16
24 0 16
25 0 16
26 0 16
27 0 16
28 0 16
29 0 16
30 0 16
31 0 16
32 0 16
33 0 16
34 0 16
35 0 16
36 0 16
37 0 16
38 0 16
39 0 16
40 0 16
41 0 16
42 0 16
43 0 16
44 0 16
45 0 16
46 0 16
47 0 16
48 0 16
49 0 16
50 0 16
51 0 16
52 0 16
53 0 16
54 0 16
55 0 16
56 0 16
57 0 16
58 0 16
59 0 16
60 0 16
61 0 16
62 0 16
63 0 16
64 0 16
65 0 16
66 0 16
67 0 16
68 0 16
69 0 16
70 0 16
71 0 16
72 0 16
73 0 16
74 0 16
75 0 16
76 0 16
77 0 16
78 0 16
79 0 16
80 0 16
81 0 16
82 0 16
83 0 16
84 0 16
85 0 16
86 0 16
87 0 16
88 0 16
89 0 16
90 0 16
91 0 16
92 0 16
93 0 16
94 0 16
95 0 16
96 0 16
97 0 16
98 0 16
99 0 16
100 0 16
101 0 16
102 0 16
103 0 16
104 0 16
105 0 16
106 0 16
107 0 16
108 0 16
109 0 16
110 0 16
111 0 16
112 0 16
113 0 16
114 0 16
115 0 16
116 0 16
117 0 16
118 0 16
119 0 16
120 0 16
121 0 16
122 0 16
123 0 16
124 0 16
125 0 16
126 0 16
127 0 16
128 0 16
129 0 16
130 0 16
131 0 16
132 0 16
133 0 16
134 0 16
135 0 16
136 0 16
137 0 16
138 0 16
139 0 16
140 0 16
141 0 16
142 0 16
143 0 16
144 0 16
145 0 16
146 0 16
147 0 16
148 0 16
149 0 16
150 0 16
151 0 16
152 0 16
153 0 16
154 0 16
155 0 16
156 0 16
157 0 16
158 0 16
159 0 16
160 0 16
161 0 16
162 0 16
163 0 16
164 0 16
165 0 16

16.0845
0 50145 17
1 316223 17
2 1018901 17
3 1970070 17
4 2430216 17
5 2020962 17
6 1230307 17
7 593878 17
8 242263 17
9 87826 17
10 27515 17
11 8588 17
12 2258 17
13 627 17
14 191 17
15 15 17
16 11 17
17 3 17
18 1 17
19 0 17
20 0 17
21 0 17
22 0 17
23 0 17
24 0 17
25 0 17
26 0 17
27 0 17
28 0 17
29 0 17
30 0 17
31 0 17
32 0 17
33 0 17
34 0 17
35 0 17
36 0 17
37 0 17
38 0 17
39 0 17
40 0 17
41 0 17
42 0 17
43 0 17
44 0 17
45 0 17
46 0 17
47 0 17
48 0 17
49 0 17
50 0 17
51 0 17
52 0 17
53 0 17
54 0 17
55 0 17
56 0 17
57 0 17
58 0 17
59 0 17
60 0 17
61 0 17
62 0 17
63 0 17
64 0 17
65 0 17
66 0 17
67 0 17
68 0 17
69 0 17
70 0 17
71 0 17
72 0 17
73 0 17
74 0 17
75 0 17
76 0 17
77 0 17
78 0 17
79 0 17
80 0 17
81 0 17
82 0 17
83 0 17
84 0 17
85 0 17
86 0 17
87 0 17
88 0 17
89 0 17
90 0 17
91 0 17
92 0 17
93 0 17
94 0 17
95 0 17
96 0 17
97 0 17
98 0 17
99 0 17
100 0 17
101 0 17
102 0 17
103 0 17
104 0 17
105 0 17
106 0 17
107 0 17
108 0 17
109 0 17
110 0 17
111 0 17
112 0 17
113 0 17
114 0 17
115 0 17
116 0 17
117 0 17
118 0 17
119 0 17
120 0 17
121 0 17
122 0 17
123 0 17
124 0 17
125 0 17
126 0 17
127 0 17
128 0 17
129 0 17
130 0 17
131 0 17
132 0 17
133 0 17
134 0 17
135 0 17
136 0 17
137 0 17
138 0 17
139 0 17
140 0 17
141 0 17
142 0 17
143 0 17
144 0 17
145 0 17
146 0 17
147 0 17
148 0 17
149 0 17
150 0 17
151 0 17
152 0 17
153 0 17
154 0 17
155 0 17
156 0 17
157 0 17
158 0 17
159 0 17
160 0 17
161 0 17
162 0 17
163 0 17
164 0 17
165 0 17

16.839
0 15811 18
1 116938 18
2 474237 18
3 1199542 18
4 1991721 18
5 2251775 18
6 1827525 18
7 1139737 18
8 579732 18
9 254459 18
10 97938 18
11 34457 18
12 11228 18
13 3429 18
14 1155 18
15 206 18
16 88 18
17 20 18
18 2 18
19 0 18
20 0 18
21 0 18
22 0 18
23 0 18
24 0 18
25 0 18
26 0 18
27 0 18
28 0 18
29 0 18
30 0 18
31 0 18
32 0 18
33 0 18
34 0 18
35 0 18
36 0 18
37 0 18
38 0 18
39 0 18
40 0 18
41 0 18
42 0 18
43 0 18
44 0 18
45 0 18
46 0 18
47 0 18
48 0 18
49 0 18
50 0 18
51 0 18
52 0 18
53 0 18
54 0 18
55 0 18
56 0 18
57 0 18
58 0 18
59 0 18
60 0 18
61 0 18
62 0 18
63 0 18
64 0 18
65 0 18
66 0 18
67 0 18
68 0 18
69 0 18
70 0 18
71 0 18
72 0 18
73 0 18
74 0 18
75 0 18
76 0 18
77 0 18
78 0 18
79 0 18
80 0 18
81 0 18
82 0 18
83 0 18
84 0 18
85 0 18
86 0 18
87 0 18
88 0 18
89 0 18
90 0 18
91 0 18
92 0 18
93 0 18
94 0 18
95 0 18
96 0 18
97 0 18
98 0 18
99 0 18
100 0 18
101 0 18
102 0 18
103 0 18
104 0 18
105 0 18
106 0 18
107 0 18
108 0 18
109 0 18
110 0 18
111 0 18
112 0 18
113 0 18
114 0 18
115 0 18
116 0 18
117 0 18
118 0 18
119 0 18
120 0 18
121 0 18
122 0 18
123 0 18
124 0 18
125 0 18
126 0 18
127 0 18
128 0 18
129 0 18
130 0 18
131 0 18
132 0 18
133 0 18
134 0 18
135 0 18
136 0 18
137 0 18
138 0 18
139 0 18
140 0 18
141 0 18
142 0 18
143 0 18
144 0 18
145 0 18
146 0 18
147 0 18
148 0 18
149 0 18
150 0 18
151 0 18
152 0 18
153 0 18
154 0 18
155 0 18
156 0 18
157 0 18
158 0 18
159 0 18
160 0 18
161 0 18
162 0 18
163 0 18
164 0 18
165 0 18

17.5433
0 4291 19
1 35571 19
2 176528 19
3 570125 19
4 1254547 19
5 1919851 19
6 2105568 19
7 1726819 19
8 1121931 19
9 608597 19
10 286760 19
11 119834 19
12 45701 19
13 15870 19
14 5594 19
15 1666 19
16 521 19
17 169 19
18 39 19
19 13 19
20 5 19
21 0 19
22 0 19
23 0 19
24 0 19
25 0 19
26 0 19
27 0 19
28 0 19
29 0 19
30 0 19
31 0 19
32 0 19
33 0 19
34 0 19
35 0 19
36 0 19
37 0 19
38 0 19
39 0 19
40 0 19
41 0 19
42 0 19
43 0 19
44 0 19
45 0 19
46 0 19
47 0 19
48 0 19
49 0 19
50 0 19
51 0 19
52 0 19
53 0 19
54 0 19
55 0 19
56 0 19
57 0 19
58 0 19
59 0 19
60 0 19
61 0 19
62 0 19
63 0 19
64 0 19
65 0 19
66 0 19
67 0 19
68 0 19
69 0 19
70 0 19
71 0 19
72 0 19
73 0 19
74 0 19
75 0 19
76 0 19
77 0 19
78 0 19
79 0 19
80 0 19
81 0 19
82 0 19
83 0 19
84 0 19
85 0 19
86 0 19
87 0 19
88 0 19
89 0 19
90 0 19
91 0 19
92 0 19
93 0 19
94 0 19
95 0 19
96 0 19
97 0 19
98 0 19
99 0 19
100 0 19
101 0 19
102 0 19
103 0 19
104 0 19
105 0 19
106 0 19
107 0 19
108 0 19
109 0 19
110 0 19
111 0 19
112 0 19
113 0 19
114 0 19
115 0 19
116 0 19
117 0 19
118 0 19
119 0 19
120 0 19
121 0 19
122 0 19
123 0 19
124 0 19
125 0 19
126 0 19
127 0 19
128 0 19
129 0 19
130 0 19
131 0 19
132 0 19
133 0 19
134 0 19
135 0 19
136 0 19
137 0 19
138 0 19
139 0 19
140 0 19
141 0 19
142 0 19
143 0 19
144 0 19
145 0 19
146 0 19
147 0 19
148 0 19
149 0 19
150 0 19
151 0 19
152 0 19
153 0 19
154 0 19
155 0 19
156 0 19
157 0 19
158 0 19
159 0 19
160 0 19
161 0 19
162 0 19
163 0 19
164 0 19
165 0 19

18.3553
0 910 20
1 8813 20
2 51926 20
3 208123 20
4 595800 20
5 1215279 20
6 1802227 20
7 1986800 20
8 1689385 20
9 1164791 20
10 675639 20
11 343023 20
12 155515 20
13 63436 20
14 24670 20
15 9135 20
16 3043 20
17 1080 20
18 269 20
19 95 20
20 28 20
21 8 20
22 5 20
23 0 20
24 0 20
25 0 20
26 0 20
27 0 20
28 0 20
29 0 20
30 0 20
31 0 20
32 0 20
33 0 20
34 0 20
35 0 20
36 0 20
37 0 20
38 0 20
39 0 20
40 0 20
41 0 20
42 0 20
43 0 20
44 0 20
45 0 20
46 0 20
47 0 20
48 0 20
49 0 20
50 0 20
51 0 20
52 0 20
53 0 20
54 0 20
55 0 20
56 0 20
57 0 20
58 0 20
59 0 20
60 0 20
61 0 20
62 0 20
63 0 20
64 0 20
65 0 20
66 0 20
67 0 20
68 0 20
69 0 20
70 0 20
71 0 20
72 0 20
73 0 20
74 0 20
75 0 20
76 0 20
77 0 20
78 0 20
79 0 20
80 0 20
81 0 20
82 0 20
83 0 20
84 0 20
85 0 20
86 0 20
87 0 20
88 0 20
89 0 20
90 0 20
91 0 20
92 0 20
93 0 20
94 0 20
95 0 20
96 0 20
97 0 20
98 0 20
99 0 20
100 0 20
101 0 20
102 0 20
103 0 20
104 0 20
105 0 20
106 0 20
107 0 20
108 0 20
109 0 20
110 0 20
111 0 20
112 0 20
113 0 20
114 0 20
115 0 20
116 0 20
117 0 20
118 0 20
119 0 20
120 0 20
121 0 20
122 0 20
123 0 20
124 0 20
125 0 20
126 0 20
127 0 20
128 0 20
129 0 20
130 0 20
131 0 20
132 0 20
133 0 20
134 0 20
135 0 20
136 0 20
137 0 20
138 0 20
139 0 20
140 0 20
141 0 20
142 0 20
143 0 20
144 0 20
145 0 20
146 0 20
147 0 20
148 0 20
149 0 20
150 0 20
151 0 20
152 0 20
153 0 20
154 0 20
155 0 20
156 0 20
157 0 20
158 0 20
159 0 20
160 0 20
161 0 20
162 0 20
163 0 20
164 0 20
165 0 20

19.1514
0 198 21
1 1689 21
2 11919 21
3 56875 21
4 206653 21
5 553382 21
6 1106028 21
7 1653374 21
8 1885994 21
9 1694204 21
10 1245221 21
11 783593 21
12 430797 21
13 211505 21
14 94599 21
15 39764 21
16 15316 21
17 5730 21
18 2071 21
19 718 21
20 255 21
21 75 21
22 32 21
23 7 21
24 1 21
25 0 21
26 0 21
27 0 21
28 0 21
29 0 21
30 0 21
31 0 21
32 0 21
33 0 21
34 0 21
35 0 21
36 0 21
37 0 21
38 0 21
39 0 21
40 0 21
41 0 21
42 0 21
43 0 21
44 0 21
45 0 21
46 0 21
47 0 21
48 0 21
49 0 21
50 0 21
51 0 21
52 0 21
53 0 21
54 0 21
55 0 21
56 0 21
57 0 21
58 0 21
59 0 21
60 0 21
61 0 21
62 0 21
63 0 21
64 0 21
65 0 21
66 0 21
67 0 21
68 0 21
69 0 21
70 0 21
71 0 21
72 0 21
73 0 21
74 0 21
75 0 21
76 0 21
77 0 21
78 0 21
79 0 21
80 0 21
81 0 21
82 0 21
83 0 21
84 0 21
85 0 21
86 0 21
87 0 21
88 0 21
89 0 21
90 0 21
91 0 21
92 0 21
93 0 21
94 0 21
95 0 21
96 0 21
97 0 21
98 0 21
99 0 21
100 0 21
101 0 21
102 0 21
103 0 21
104 0 21
105 0 21
106 0 21
107 0 21
108 0 21
109 0 21
110 0 21
111 0 21
112 0 21
113 0 21
114 0 21
115 0 21
116 0 21
117 0 21
118 0 21
119 0 21
120 0 21
121 0 21
122 0 21
123 0 21
124 0 21
125 0 21
126 0 21
127 0 21
128 0 21
129 0 21
130 0 21
131 0 21
132 0 21
133 0 21
134 0 21
135 0 21
136 0 21
137 0 21
138 0 21
139 0 21
140 0 21
141 0 21
142 0 21
143 0 21
144 0 21
145 0 21
146 0 21
147 0 21
148 0 21
149 0 21
150 0 21
151 0 21
152 0 21
153 0 21
154 0 21
155 0 21
156 0 21
157 0 21
158 0 21
159 0 21
160 0 21
161 0 21
162 0 21
163 0 21
164 0 21
165 0 21

20.0062
0 30 22
1 285 22
2 2155 22
3 11706 22
4 51779 22
5 176439 22
6 465987 22
7 945188 22
8 1465549 22
9 1768644 22
10 1709601 22
11 1364156 22
12 928387 22
13 556551 22
14 297052 22
15 145700 22
16 65630 22
17 27400 22
18 11162 22
19 4209 22
20 1582 22
21 513 22
22 208 22
23 62 22
24 13 22
25 6 22
26 5 22
27 0 22
28 1 22
29 0 22
30 0 22
31 0 22
32 0 22
33 0 22
34 0 22
35 0 22
36 0 22
37 0 22
38 0 22
39 0 22
40 0 22
41 0 22
42 0 22
43 0 22
44 0 22
45 0 22
46 0 22
47 0 22
48 0 22
49 0 22
50 0 22
51 0 22
52 0 22
53 0 22
54 0 22
55 0 22
56 0 22
57 0 22
58 0 22
59 0 22
60 0 22
61 0 22
62 0 22
63 0 22
64 0 22
65 0 22
66 0 22
67 0 22
68 0 22
69 0 22
70 0 22
71 0 22
72 0 22
73 0 22
74 0 22
75 0 22
76 0 22
77 0 22
78 0 22
79 0 22
80 0 22
81 0 22
82 0 22
83 0 22
84 0 22
85 0 22
86 0 22
87 0 22
88 0 22
89 0 22
90 0 22
91 0 22
92 0 22
93 0 22
94 0 22
95 0 22
96 0 22
97 0 22
98 0 22
99 0 22
100 0 22
101 0 22
102 0 22
103 0 22
104 0 22
105 0 22
106 0 22
107 0 22
108 0 22
109 0 22
110 0 22
111 0 22
112 0 22
113 0 22
114 0 22
115 0 22
116 0 22
117 0 22
118 0 22
119 0 22
120 0 22
121 0 22
122 0 22
123 0 22
124 0 22
125 0 22
126 0 22
127 0 22
128 0 22
129 0 22
130 0 22
131 0 22
132 0 22
133 0 22
134 0 22
135 0 22
136 0 22
137 0 22
138 0 22
139 0 22
140 0 22
141 0 22
142 0 22
143 0 22
144 0 22
145 0 22
146 0 22
147 0 22
148 0 22
149 0 22
150 0 22
151 0 22
152 0 22
153 0 22
154 0 22
155 0 22
156 0 22
157 0 22
158 0 22
159 0 22
160 0 22
161 0 22
162 0 22
163 0 22
164 0 22
165 0 22

20.8302
0 5 23
1 40 23
2 317 23
3 1895 23
4 9414 23
5 38376 23
6 130065 23
7 351149 23
8 744539 23
9 1237635 23
10 1613111 23
11 1697250 23
12 1485014 23
13 1111418 23
14 728180 23
15 425352 23
16 226938 23
17 111557 23
18 50859 23
19 22296 23
20 9127 23
21 3421 23
22 1307 23
23 494 23
24 175 23
25 50 23
26 9 23
27 3 23
28 4 23
29 0 23
30 0 23
31 0 23
32 0 23
33 0 23
34 0 23
35 0 23
36 0 23
37 0 23
38 0 23
39 0 23
40 0 23
41 0 23
42 0 23
43 0 23
44 0 23
45 0 23
46 0 23
47 0 23
48 0 23
49 0 23
50 0 23
51 0 23
52 0 23
53 0 23
54 0 23
55 0 23
56 0 23
57 0 23
58 0 23
59 0 23
60 0 23
61 0 23
62 0 23
63 0 23
64 0 23
65 0 23
66 0 23
67 0 23
68 0 23
69 0 23
70 0 23
71 0 23
72 0 23
73 0 23
74 0 23
75 0 23
76 0 23
77 0 23
78 0 23
79 0 23
80 0 23
81 0 23
82 0 23
83 0 23
84 0 23
85 0 23
86 0 23
87 0 23
88 0 23
89 0 23
90 0 23
91 0 23
92 0 23
93 0 23
94 0 23
95 0 23
96 0 23
97 0 23
98 0 23
99 0 23
100 0 23
101 0 23
102 0 23
103 0 23
104 0 23
105 0 23
106 0 23
107 0 23
108 0 23
109 0 23
110 0 23
111 0 23
112 0 23
113 0 23
114 0 23
115 0 23
116 0 23
117 0 23
118 0 23
119 0 23
120 0 23
121 0 23
122 0 23
123 0 23
124 0 23
125 0 23
126 0 23
127 0 23
128 0 23
129 0 23
130 0 23
131 0 23
132 0 23
133 0 23
134 0 23
135 0 23
136 0 23
137 0 23
138 0 23
139 0 23
140 0 23
141 0 23
142 0 23
143 0 23
144 0 23
145 0 23
146 0 23
147 0 23
148 0 23
149 0 23
150 0 23
151 0 23
152 0 23
153 0 23
154 0 23
155 0 23
156 0 23
157 0 23
158 0 23
159 0 23
160 0 23
161 0 23
162 0 23
163 0 23
164 0 23
165 0 23

21.6818
0 1 24
1 6 24
2 32 24
3 230 24
4 1195 24
5 5769 24
6 23817 24
7 82331 24
8 233155 24
9 529812 24
10 959007 24
11 1387093 24
12 1622532 24
13 1575148 24
14 1303908 24
15 944941 24
16 608374 24
17 356959 24
18 191651 24
19 95692 24
20 44694 24
21 19899 24
22 8251 24
23 3394 24
24 1316 24
25 528 24
26 166 24
27 77 24
28 14 24
29 2 24
30 3 24
31 1 24
32 2 24
33 0 24
34 0 24
35 0 24
36 0 24
37 0 24
38 0 24
39 0 24
40 0 24
41 0 24
42 0 24
43 0 24
44 0 24
45 0 24
46 0 24
47 0 24
48 0 24
49 0 24
50 0 24
51 0 24
52 0 24
53 0 24
54 0 24
55 0 24
56 0 24
57 0 24
58 0 24
59 0 24
60 0 24
61 0 24
62 0 24
63 0 24
64 0 24
65 0 24
66 0 24
67 0 24
68 0 24
69 0 24
70 0 24
71 0 24
72 0 24
73 0 24
74 0 24
75 0 24
76 0 24
77 0 24
78 0 24
79 0 24
80 0 24
81 0 24
82 0 24
83 0 24
84 0 24
85 0 24
86 0 24
87 0 24
88 0 24
89 0 24
90 0 24
91 0 24
92 0 24
93 0 24
94 0 24
95 0 24
96 0 24
97 0 24
98 0 24
99 0 24
100 0 24
101 0 24
102 0 24
103 0 24
104 0 24
105 0 24
106 0 24
107 0 24
108 0 24
109 0 24
110 0 24
111 0 24
112 0 24
113 0 24
114 0 24
115 0 24
116 0 24
117 0 24
118 0 24
119 0 24
120 0 24
121 0 24
122 0 24
123 0 24
124 0 24
125 0 24
126 0 24
127 0 24
128 0 24
129 0 24
130 0 24
131 0 24
132 0 24
133 0 24
134 0 24
135 0 24
136 0 24
137 0 24
138 0 24
139 0 24
140 0 24
141 0 24
142 0 24
143 0 24
144 0 24
145 0 24
146 0 24
147 0 24
148 0 24
149 0 24
150 0 24
151 0 24
152 0 24
153 0 24
154 0 24
155 0 24
156 0 24
157 0 24
158 0 24
159 0 24
160 0 24
161 0 24
162 0 24
163 0 24
164 0 24
165 0 24

22.4819
0 1 25
1 0 25
2 4 25
3 21 25
4 130 25
5 623 25
6 2927 25
7 11887 25
8 43522 25
9 131703 25
10 330548 25
11 664505 25
12 1081914 25
13 1435166 25
14 1572948 25
15 1467925 25
16 1185205 25
17 849820 25
18 550017 25
19 324951 25
20 177893 25
21 90880 25
22 43325 25
23 19537 25
24 8635 25
25 3559 25
26 1460 25
27 546 25
28 241 25
29 63 25
30 24 25
31 14 25
32 3 25
33 1 25
34 2 25
35 0 25
36 0 25
37 0 25
38 0 25
39 0 25
40 0 25
41 0 25
42 0 25
43 0 25
44 0 25
45 0 25
46 0 25
47 0 25
48 0 25
49 0 25
50 0 25
51 0 25
52 0 25
53 0 25
54 0 25
55 0 25
56 0 25
57 0 25
58 0 25
59 0 25
60 0 25
61 0 25
62 0 25
63 0 25
64 0 25
65 0 25
66 0 25
67 0 25
68 0 25
69 0 25
70 0 25
71 0 25
72 0 25
73 0 25
74 0 25
75 0 25
76 0 25
77 0 25
78 0 25
79 0 25
80 0 25
81 0 25
82 0 25
83 0 25
84 0 25
85 0 25
86 0 25
87 0 25
88 0 25
89 0 25
90 0 25
91 0 25
92 0 25
93 0 25
94 0 25
95 0 25
96 0 25
97 0 25
98 0 25
99 0 25
100 0 25
101 0 25
102 0 25
103 0 25
104 0 25
105 0 25
106 0 25
107 0 25
108 0 25
109 0 25
110 0 25
111 0 25
112 0 25
113 0 25
114 0 25
115 0 25
116 0 25
117 0 25
118 0 25
119 0 25
120 0 25
121 0 25
122 0 25
123 0 25
124 0 25
125 0 25
126 0 25
127 0 25
128 0 25
129 0 25
130 0 25
131 0 25
132 0 25
133 0 25
134 0 25
135 0 25
136 0 25
137 0 25
138 0 25
139 0 25
140 0 25
141 0 25
142 0 25
143 0 25
144 0 25
145 0 25
146 0 25
147 0 25
148 0 25
149 0 25
150 0 25
151 0 25
152 0 25
153 0 25
154 0 25
155 0 25
156 0 25
157 0 25
158 0 25
159 0 25
160 0 25
161 0 25
162 0 25
163 0 25
164 0 25
165 0 25

23.1175
0 0 26
1 0 26
2 1 26
3 1 26
4 5 26
5 51 26
6 281 26
7 1198 26
8 4819 26
9 18568 26
10 60348 26
11 169531 26
12 389631 26
13 732970 26
14 1123423 26
15 1425046 26
16 1520431 26
17 1394716 26
18 1127331 26
19 812562 26
20 533790 26
21 322951 26
22 180901 26
23 95106 26
24 46591 26
25 22298 26
26 10066 26
27 4333 26
28 1829 26
29 705 26
30 311 26
31 131 26
32 49 26
33 12 26
34 11 26
35 2 26
36 1 26
37 0 26
38 0 26
39 0 26
40 0 26
41 0 26
42 0 26
43 0 26
44 0 26
45 0 26
46 0 26
47 0 26
48 0 26
49 0 26
50 0 26
51 0 26
52 0 26
53 0 26
54 0 26
55 0 26
56 0 26
57 0 26
58 0 26
59 0 26
60 0 26
61 0 26
62 0 26
63 0 26
64 0 26
65 0 26
66 0 26
67 0 26
68 0 26
69 0 26
70 0 26
71 0 26
72 0 26
73 0 26
74 0 26
75 0 26
76 0 26
77 0 26
78 0 26
79 0 26
80 0 26
81 0 26
82 0 26
83 0 26
84 0 26
85 0 26
86 0 26
87 0 26
88 0 26
89 0 26
90 0 26
91 0 26
92 0 26
93 0 26
94 0 26
95 0 26
96 0 26
97 0 26
98 0 26
99 0 26
100 0 26
101 0 26
102 0 26
103 0 26
104 0 26
105 0 26
106 0 26
107 0 26
108 0 26
109 0 26
110 0 26
111 0 26
112 0 26
113 0 26
114 0 26
115 0 26
116 0 26
117 0 26
118 0 26
119 0 26
120 0 26
121 0 26
122 0 26
123 0 26
124 0 26
125 0 26
126 0 26
127 0 26
128 0 26
129 0 26
130 0 26
131 0 26
132 0 26
133 0 26
134 0 26
135 0 26
136 0 26
137 0 26
138 0 26
139 0 26
140 0 26
141 0 26
142 0 26
143 0 26
144 0 26
145 0 26
146 0 26
147 0 26
148 0 26
149 0 26
150 0 26
151 0 26
152 0 26
153 0 26
154 0 26
155 0 26
156 0 26
157 0 26
158 0 26
159 0 26
160 0 26
161 0 26
162 0 26
163 0 26
164 0 26
165 0 26

23.6494
0 0 27
1 0 27
2 0 27
3 1 27
4 2 27
5 1 27
6 16 27
7 67 27
8 370 27
9 1482 27
10 5927 27
11 21577 27
12 67838 27
13 182712 27
14 402468 27
15 736290 27
16 1104249 27
17 1382385 27
18 1474096 27
19 1362891 27
20 1117468 27
21 825091 27
22 556350 27
23 346280 27
24 199837 27
25 108093 27
26 55130 27
27 26904 27
28 12691 27
29 5625 27
30 2457 27
31 1021 27
32 426 27
33 161 27
34 54 27
35 22 27
36 11 27
37 5 27
38 1 27
39 1 27
40 0 27
41 0 27
42 0 27
43 0 27
44 0 27
45 0 27
46 0 27
47 0 27
48 0 27
49 0 27
50 0 27
51 0 27
52 0 27
53 0 27
54 0 27
55 0 27
56 0 27
57 0 27
58 0 27
59 0 27
60 0 27
61 0 27
62 0 27
63 0 27
64 0 27
65 0 27
66 0 27
67 0 27
68 0 27
69 0 27
70 0 27
71 0 27
72 0 27
73 0 27
74 0 27
75 0 27
76 0 27
77 0 27
78 0 27
79 0 27
80 0 27
81 0 27
82 0 27
83 0 27
84 0 27
85 0 27
86 0 27
87 0 27
88 0 27
89 0 27
90 0 27
91 0 27
92 0 27
93 0 27
94 0 27
95 0 27
96 0 27
97 0 27
98 0 27
99 0 27
100 0 27
101 0 27
102 0 27
103 0 27
104 0 27
105 0 27
106 0 27
107 0 27
108 0 27
109 0 27
110 0 27
111 0 27
112 0 27
113 0 27
114 0 27
115 0 27
116 0 27
117 0 27
118 0 27
119 0 27
120 0 27
121 0 27
122 0 27
123 0 27
124 0 27
125 0 27
126 0 27
127 0 27
128 0 27
129 0 27
130 0 27
131 0 27
132 0 27
133 0 27
134 0 27
135 0 27
136 0 27
137 0 27
138 0 27
139 0 27
140 0 27
141 0 27
142 0 27
143 0 27
144 0 27
145 0 27
146 0 27
147 0 27
148 0 27
149 0 27
150 0 27
151 0 27
152 0 27
153 0 27
154 0 27
155 0 27
156 0 27
157 0 27
158 0 27
159 0 27
160 0 27
161 0 27
162 0 27
163 0 27
164 0 27
165 0 27

24.4897
0 0 28
1 0 28
2 0 28
3 0 28
4 0 28
5 0 28
6 0 28
7 5 28
8 26 28
9 83 28
10 305 28
11 1413 28
12 5485 28
13 19859 28
14 62409 28
15 165916 28
16 370382 28
17 679288 28
18 1029063 28
19 1315493 28
20 1433801 28
21 1364010 28
22 1152651 28
23 879792 28
24 612958 28
25 396771 28
26 238134 28
27 133577 28
28 71164 28
29 35645 28
30 17338 28
31 7991 28
32 3712 28
33 1546 28
34 662 28
35 309 28
36 110 28
37 60 28
38 23 28
39 8 28
40 6 28
41 3 28
42 2 28
43 0 28
44 0 28
45 0 28
46 0 28
47 0 28
48 0 28
49 0 28
50 0 28
51 0 28
52 0 28
53 0 28
54 0 28
55 0 28
56 0 28
57 0 28
58 0 28
59 0 28
60 0 28
61 0 28
62 0 28
63 0 28
64 0 28
65 0 28
66 0 28
67 0 28
68 0 28
69 0 28
70 0 28
71 0 28
72 0 28
73 0 28
74 0 28
75 0 28
76 0 28
77 0 28
78 0 28
79 0 28
80 0 28
81 0 28
82 0 28
83 0 28
84 0 28
85 0 28
86 0 28
87 0 28
88 0 28
89 0 28
90 0 28
91 0 28
92 0 28
93 0 28
94 0 28
95 0 28
96 0 28
97 0 28
98 0 28
99 0 28
100 0 28
101 0 28
102 0 28
103 0 28
104 0 28
105 0 28
106 0 28
107 0 28
108 0 28
109 0 28
110 0 28
111 0 28
112 0 28
113 0 28
114 0 28
115 0 28
116 0 28
117 0 28
118 0 28
119 0 28
120 0 28
121 0 28
122 0 28
123 0 28
124 0 28
125 0 28
126 0 28
127 0 28
128 0 28
129 0 28
130 0 28
131 0 28
132 0 28
133 0 28
134 0 28
135 0 28
136 0 28
137 0 28
138 0 28
139 0 28
140 0 28
141 0 28
142 0 28
143 0 28
144 0 28
145 0 28
146 0 28
147 0 28
148 0 28
149 0 28
150 0 28
151 0 28
152 0 28
153 0 28
154 0 28
155 0 28
156 0 28
157 0 28
158 0 28
159 0 28
160 0 28
161 0 28
162 0 28
163 0 28
164 0 28
165 0 28

24.6849
0 0 29
1 0 29
2 0 29
3 0 29
4 0 29
5 0 29
6 0 29
7 1 29
8 1 29
9 2 29
10 13 29
11 65 29
12 215 29
13 1046 29
14 4097 29
15 14597 29
16 47151 29
17 129736 29
18 298315 29
19 571152 29
20 905781 29
21 1209181 29
22 1381594 29
23 1375712 29
24 1215770 29
25 971878 29
26 711896 29
27 482772 29
28 302283 29
29 177423 29
30 98214 29
31 51418 29
32 26076 29
33 12736 29
34 5976 29
35 2771 29
36 1204 29
37 546 29
38 226 29
39 90 29
40 40 29
41 12 29
42 8 29
43 1 29
44 1 29
45 0 29
46 0 29
47 0 29
48 0 29
49 0 29
50 0 29
51 0 29
52 0 29
53 0 29
54 0 29
55 0 29
56 0 29
57 0 29
58 0 29
59 0 29
60 0 29
61 0 29
62 0 29
63 0 29
64 0 29
65 0 29
66 0 29
67 0 29
68 0 29
69 0 29
70 0 29
71 0 29
72 0 29
73 0 29
74 0 29
75 0 29
76 0 29
77 0 29
78 0 29
79 0 29
80 0 29
81 0 29
82 0 29
83 0 29
84 0 29
85 0 29
86 0 29
87 0 29
88 0 29
89 0 29
90 0 29
91 0 29
92 0 29
93 0 29
94 0 29
95 0 29
96 0 29
97 0 29
98 0 29
99 0 29
100 0 29
101 0 29
102 0 29
103 0 29
104 0 29
105 0 29
106 0 29
107 0 29
108 0 29
109 0 29
110 0 29
111 0 29
112 0 29
113 0 29
114 0 29
115 0 29
116 0 29
117 0 29
118 0 29
119 0 29
120 0 29
121 0 29
122 0 29
123 0 29
124 0 29
125 0 29
126 0 29
127 0 29
128 0 29
129 0 29
130 0 29
131 0 29
132 0 29
133 0 29
134 0 29
135 0 29
136 0 29
137 0 29
138 0 29
139 0 29
140 0 29
141 0 29
142 0 29
143 0 29
144 0 29
145 0 29
146 0 29
147 0 29
148 0 29
149 0 29
150 0 29
151 0 29
152 0 29
153 0 29
154 0 29
155 0 29
156 0 29
157 0 29
158 0 29
159 0 29
160 0 29
161 0 29
162 0 29
163 0 29
164 0 29
165 0 29

25.1344
0 0 30
1 0 30
2 0 30
3 0 30
4 0 30
5 0 30
6 0 30
7 0 30
8 0 30
9 0 30
10 0 30
11 0 30
12 6 30
13 33 30
14 121 30
15 576 30
16 2189 30
17 8204 30
18 28359 30
19 82833 30
20 205207 30
21 424277 30
22 730390 30
23 1050837 30
24 1289347 30
25 1372530 30
26 1290772 30
27 1096804 30
28 848846 30
29 607912 30
30 402213 30
31 250368 30
32 145108 30
33 80322 30
34 41901 30
35 21476 30
36 10410 30
37 4809 30
38 2327 30
39 1048 30
40 457 30
41 182 30
42 91 30
43 28 30
44 14 30
45 2 30
46 1 30
47 0 30
48 0 30
49 0 30
50 0 30
51 0 30
52 0 30
53 0 30
54 0 30
55 0 30
56 0 30
57 0 30
58 0 30
59 0 30
60 0 30
61 0 30
62 0 30
63 0 30
64 0 30
65 0 30
66 0 30
67 0 30
68 0 30
69 0 30
70 0 30
71 0 30
72 0 30
73 0 30
74 0 30
75 0 30
76 0 30
77 0 30
78 0 30
79 0 30
80 0 30
81 0 30
82 0 30
83 0 30
84 0 30
85 0 30
86 0 30
87 0 30
88 0 30
89 0 30
90 0 30
91 0 30
92 0 30
93 0 30
94 0 30
95 0 30
96 0 30
97 0 30
98 0 30
99 0 30
100 0 30
101 0 30
102 0 30
103 0 30
104 0 30
105 0 30
106 0 30
107 0 30
108 0 30
109 0 30
110 0 30
111 0 30
112 0 30
113 0 30
114 0 30
115 0 30
116 0 30
117 0 30
118 0 30
119 0 30
120 0 30
121 0 30
122 0 30
123 0 30
124 0 30
125 0 30
126 0 30
127 0 30
128 0 30
129 0 30
130 0 30
131 0 30
132 0 30
133 0 30
134 0 30
135 0 30
136 0 30
137 0 30
138 0 30
139 0 30
140 0 30
141 0 30
142 0 30
143 0 30
144 0 30
145 0 30
146 0 30
147 0 30
148 0 30
149 0 30
150 0 30
151 0 30
152 0 30
153 0 30
154 0 30
155 0 30
156 0 30
157 0 30
158 0 30
159 0 30
160 0 30
161 0 30
162 0 30
163 0 30
164 0 30
165 0 30

25.426
0 0 31
1 0 31
2 0 31
3 0 31
4 0 31
5 0 31
6 0 31
7 0 31
8 0 31
9 0 31
10 0 31
11 0 31
12 0 31
13 1 31
14 2 31
15 8 31
16 49 31
17 204 31
18 857 31
19 3444 31
20 12597 31
21 41300 31
22 114763 31
23 265827 31
24 513321 31
25 824734 31
26 1120766 31
27 1308480 31
28 1341377 31
29 1230188 31
30 1021816 31
31 779306 31
32 552805 31
33 364211 31
34 224166 31
35 131476 31
36 72395 31
37 38082 31
38 19603 31
39 9587 31
40 4649 31
41 2113 31
42 1044 31
43 477 31
44 205 31
45 98 31
46 28 31
47 11 31
48 6 31
49 2 31
50 2 31
51 0 31
52 0 31
53 0 31
54 0 31
55 0 31
56 0 31
57 0 31
58 0 31
59 0 31
60 0 31
61 0 31
62 0 31
63 0 31
64 0 31
65 0 31
66 0 31
67 0 31
68 0 31
69 0 31
70 0 31
71 0 31
72 0 31
73 0 31
74 0 31
75 0 31
76 0 31
77 0 31
78 0 31
79 0 31
80 0 31
81 0 31
82 0 31
83 0 31
84 0 31
85 0 31
86 0 31
87 0 31
88 0 31
89 0 31
90 0 31
91 0 31
92 0 31
93 0 31
94 0 31
95 0 31
96 0 31
97 0 31
98 0 31
99 0 31
100 0 31
101 0 31
102 0 31
103 0 31
104 0 31
105 0 31
106 0 31
107 0 31
108 0 31
109 0 31
110 0 31
111 0 31
112 0 31
113 0 31
114 0 31
115 0 31
116 0 31
117 0 31
118 0 31
119 0 31
120 0 31
121 0 31
122 0 31
123 0 31
124 0 31
125 0 31
126 0 31
127 0 31
128 0 31
129 0 31
130 0 31
131 0 31
132 0 31
133 0 31
134 0 31
135 0 31
136 0 31
137 0 31
138 0 31
139 0 31
140 0 31
141 0 31
142 0 31
143 0 31
144 0 31
145 0 31
146 0 31
147 0 31
148 0 31
149 0 31
150 0 31
151 0 31
152 0 31
153 0 31
154 0 31
155 0 31
156 0 31
157 0 31
158 0 31
159 0 31
160 0 31
161 0 31
162 0 31
163 0 31
164 0 31
165 0 31

25.7114
0 0 32
1 0 32
2 0 32
3 0 32
4 0 32
5 0 32
6 0 32
7 0 32
8 0 32
9 0 32
10 0 32
11 0 32
12 0 32
13 0 32
14 0 32
15 0 32
16 0 32
17 1 32
18 19 32
19 51 32
20 214 32
21 923 32
22 3873 32
23 14819 32
24 47138 32
25 129160 32
26 290944 32
27 545104 32
28 856296 32
29 1137396 32
30 1303686 32
31 1318175 32
32 1198407 32
33 994214 32
34 760869 32
35 538897 32
36 357346 32
37 222305 32
38 130739 32
39 72551 32
40 38346 32
41 19610 32
42 9746 32
43 4850 32
44 2259 32
45 1133 32
46 546 32
47 208 32
48 103 32
49 42 32
50 20 32
51 4 32
52 4 32
53 1 32
54 1 32
55 0 32
56 0 32
57 0 32
58 0 32
59 0 32
60 0 32
61 0 32
62 0 32
63 0 32
64 0 32
65 0 32
66 0 32
67 0 32
68 0 32
69 0 32
70 0 32
71 0 32
72 0 32
73 0 32
74 0 32
75 0 32
76 0 32
77 0 32
78 0 32
79 0 32
80 0 32
81 0 32
82 0 32
83 0 32
84 0 32
85 0 32
86 0 32
87 0 32
88 0 32
89 0 32
90 0 32
91 0 32
92 0 32
93 0 32
94 0 32
95 0 32
96 0 32
97 0 32
98 0 32
99 0 32
100 0 32
101 0 32
102 0 32
103 0 32
104 0 32
105 0 32
106 0 32
107 0 32
108 0 32
109 0 32
110 0 32
111 0 32
112 0 32
113 0 32
114 0 32
115 0 32
116 0 32
117 0 32
118 0 32
119 0 32
120 0 32
121 0 32
122 0 32
123 0 32
124 0 32
125 0 32
126 0 32
127 0 32
128 0 32
129 0 32
130 0 32
131 0 32
132 0 32
133 0 32
134 0 32
135 0 32
136 0 32
137 0 32
138 0 32
139 0 32
140 0 32
141 0 32
142 0 32
143 0 32
144 0 32
145 0 32
146 0 32
147 0 32
148 0 32
149 0 32
150 0 32
151 0 32
152 0 32
153 0 32
154 0 32
155 0 32
156 0 32
157 0 32
158 0 32
159 0 32
160 0 32
161 0 32
162 0 32
163 0 32
164 0 32
165 0 32

25.9666
0 0 33
1 0 33
2 0 33
3 0 33
4 0 33
5 0 33
6 0 33
7 0 33
8 0 33
9 0 33
10 0 33
11 0 33
12 0 33
13 0 33
14 0 33
15 0 33
16 0 33
17 0 33
18 0 33
19 1 33
20 0 33
21 7 33
22 37 33
23 182 33
24 778 33
25 3264 33
26 12676 33
27 42518 33
28 118972 33
29 274415 33
30 520990 33
31 825277 33
32 1105069 33
33 1281579 33
34 1310090 33
35 1204474 33
36 1011649 33
37 786443 33
38 566874 33
39 381355 33
40 241159 33
41 143379 33
42 80890 33
43 43593 33
44 22298 33
45 11282 33
46 5679 33
47 2617 33
48 1332 33
49 612 33
50 285 33
51 135 33
52 52 33
53 21 33
54 12 33
55 2 33
56 1 33
57 1 33
58 0 33
59 0 33
60 0 33
61 0 33
62 0 33
63 0 33
64 0 33
65 0 33
66 0 33
67 0 33
68 0 33
69 0 33
70 0 33
71 0 33
72 0 33
73 0 33
74 0 33
75 0 33
76 0 33
77 0 33
78 0 33
79 0 33
80 0 33
81 0 33
82 0 33
83 0 33
84 0 33
85 0 33
86 0 33
87 0 33
88 0 33
89 0 33
90 0 33
91 0 33
92 0 33
93 0 33
94 0 33
95 0 33
96 0 33
97 0 33
98 0 33
99 0 33
100 0 33
101 0 33
102 0 33
103 0 33
104 0 33
105 0 33
106 0 33
107 0 33
108 0 33
109 0 33
110 0 33
111 0 33
112 0 33
113 0 33
114 0 33
115 0 33
116 0 33
117 0 33
118 0 33
119 0 33
120 0 33
121 0 33
122 0 33
123 0 33
124 0 33
125 0 33
126 0 33
127 0 33
128 0 33
129 0 33
130 0 33
131 0 33
132 0 33
133 0 33
134 0 33
135 0 33
136 0 33
137 0 33
138 0 33
139 0 33
140 0 33
141 0 33
142 0 33
143 0 33
144 0 33
145 0 33
146 0 33
147 0 33
148 0 33
149 0 33
150 0 33
151 0 33
152 0 33
153 0 33
154 0 33
155 0 33
156 0 33
157 0 33
158 0 33
159 0 33
160 0 33
161 0 33
162 0 33
163 0 33
164 0 33
165 0 33

26.0185
0 0 34
1 0 34
2 0 34
3 0 34
4 0 34
5 0 34
6 0 34
7 0 34
8 0 34
9 0 34
10 0 34
11 0 34
12 0 34
13 0 34
14 0 34
15 0 34
16 0 34
17 0 34
18 0 34
19 0 34
20 0 34
21 0 34
22 0 34
23 2 34
24 2 34
25 25 34
26 89 34
27 393 34
28 1938 34
29 8009 34
30 28742 34
31 87964 34
32 216718 34
33 439436 34
34 732573 34
35 1026538 34
36 1235701 34
37 1308205 34
38 1241156 34
39 1074969 34
40 857793 34
41 634479 34
42 438461 34
43 282116 34
44 173084 34
45 99184 34
46 54937 34
47 28568 34
48 14743 34
49 7228 34
50 3659 34
51 1703 34
52 848 34
53 398 34
54 205 34
55 71 34
56 43 34
57 7 34
58 9 34
59 1 34
60 2 34
61 1 34
62 0 34
63 0 34
64 0 34
65 0 34
66 0 34
67 0 34
68 0 34
69 0 34
70 0 34
71 0 34
72 0 34
73 0 34
74 0 34
75 0 34
76 0 34
77 0 34
78 0 34
79 0 34
80 0 34
81 0 34
82 0 34
83 0 34
84 0 34
85 0 34
86 0 34
87 0 34
88 0 34
89 0 34
90 0 34
91 0 34
92 0 34
93 0 34
94 0 34
95 0 34
96 0 34
97 0 34
98 0 34
99 0 34
100 0 34
101 0 34
102 0 34
103 0 34
104 0 34
105 0 34
106 0 34
107 0 34
108 0 34
109 0 34
110 0 34
111 0 34
112 0 34
113 0 34
114 0 34
115 0 34
116 0 34
117 0 34
118 0 34
119 0 34
120 0 34
121 0 34
122 0 34
123 0 34
124 0 34
125 0 34
126 0 34
127 0 34
128 0 34
129 0 34
130 0 34
131 0 34
132 0 34
133 0 34
134 0 34
135 0 34
136 0 34
137 0 34
138 0 34
139 0 34
140 0 34
141 0 34
142 0 34
143 0 34
144 0 34
145 0 34
146 0 34
147 0 34
148 0 34
149 0 34
150 0 34
151 0 34
152 0 34
153 0 34
154 0 34
155 0 34
156 0 34
157 0 34
158 0 34
159 0 34
160 0 34
161 0 34
162 0 34
163 0 34
164 0 34
165 0 34

26.0889
0 0 35
1 0 35
2 0 35
3 0 35
4 0 35
5 0 35
6 0 35
7 0 35
8 0 35
9 0 35
10 0 35
11 0 35
12 0 35
13 0 35
14 0 35
15 0 35
16 0 35
17 0 35
18 0 35
19 0 35
20 0 35
21 0 35
22 0 35
23 0 35
24 0 35
25 0 35
26 0 35
27 2 35
28 6 35
29 27 35
30 160 35
31 770 35
32 3418 35
33 14122 35
34 48510 35
35 137171 35
36 312542 35
37 575922 35
38 881649 35
39 1142126 35
40 1287566 35
41 1288419 35
42 1167775 35
43 974018 35
44 748424 35
45 536727 35
46 359232 35
47 227098 35
48 135074 35
49 76079 35
50 40534 35
51 21358 35
52 10722 35
53 5358 35
54 2646 35
55 1340 35
56 617 35
57 316 35
58 128 35
59 89 35
60 39 35
61 13 35
62 1 35
63 2 35
64 0 35
65 0 35
66 0 35
67 0 35
68 0 35
69 0 35
70 0 35
71 0 35
72 0 35
73 0 35
74 0 35
75 0 35
76 0 35
77 0 35
78 0 35
79 0 35
80 0 35
81 0 35
82 0 35
83 0 35
84 0 35
85 0 35
86 0 35
87 0 35
88 0 35
89 0 35
90 0 35
91 0 35
92 0 35
93 0 35
94 0 35
95 0 35
96 0 35
97 0 35
98 0 35
99 0 35
100 0 35
101 0 35
102 0 35
103 0 35
104 0 35
105 0 35
106 0 35
107 0 35
108 0 35
109 0 35
110 0 35
111 0 35
112 0 35
113 0 35
114 0 35
115 0 35
116 0 35
117 0 35
118 0 35
119 0 35
120 0 35
121 0 35
122 0 35
123 0 35
124 0 35
125 0 35
126 0 35
127 0 35
128 0 35
129 0 35
130 0 35
131 0 35
132 0 35
133 0 35
134 0 35
135 0 35
136 0 35
137 0 35
138 0 35
139 0 35
140 0 35
141 0 35
142 0 35
143 0 35
144 0 35
145 0 35
146 0 35
147 0 35
148 0 35
149 0 35
150 0 35
151 0 35
152 0 35
153 0 35
154 0 35
155 0 35
156 0 35
157 0 35
158 0 35
159 0 35
160 0 35
161 0 35
162 0 35
163 0 35
164 0 35
165 0 35

26.1585
0 0 36
1 0 36
2 0 36
3 0 36
4 0 36
5 0 36
6 0 36
7 0 36
8 0 36
9 0 36
10 0 36
11 0 36
12 0 36
13 0 36
14 0 36
15 0 36
16 0 36
17 0 36
18 0 36
19 0 36
20 0 36
21 0 36
22 0 36
23 0 36
24 0 36
25 0 36
26 0 36
27 0 36
28 0 36
29 0 36
30 0 36
31 0 36
32 4 36
33 25 36
34 153 36
35 780 36
36 4253 36
37 17703 36
38 61741 36
39 169749 36
40 372273 36
41 658845 36
42 963821 36
43 1200247 36
44 1302040 36
45 1265441 36
46 1123089 36
47 914336 36
48 690422 36
49 487210 36
50 320365 36
51 198031 36
52 115742 36
53 64396 36
54 34034 36
55 17415 36
56 9094 36
57 4600 36
58 2120 36
59 1015 36
60 588 36
61 266 36
62 109 36
63 53 36
64 23 36
65 12 36
66 4 36
67 1 36
68 0 36
69 0 36
70 0 36
71 0 36
72 0 36
73 0 36
74 0 36
75 0 36
76 0 36
77 0 36
78 0 36
79 0 36
80 0 36
81 0 36
82 0 36
83 0 36
84 0 36
85 0 36
86 0 36
87 0 36
88 0 36
89 0 36
90 0 36
91 0 36
92 0 36
93 0 36
94 0 36
95 0 36
96 0 36
97 0 36
98 0 36
99 0 36
100 0 36
101 0 36
102 0 36
103 0 36
104 0 36
105 0 36
106 0 36
107 0 36
108 0 36
109 0 36
110 0 36
111 0 36
112 0 36
113 0 36
114 0 36
115 0 36
116 0 36
117 0 36
118 0 36
119 0 36
120 0 36
121 0 36
122 0 36
123 0 36
124 0 36
125 0 36
126 0 36
127 0 36
128 0 36
129 0 36
130 0 36
131 0 36
132 0 36
133 0 36
134 0 36
135 0 36
136 0 36
137 0 36
138 0 36
139 0 36
140 0 36
141 0 36
142 0 36
143 0 36
144 0 36
145 0 36
146 0 36
147 0 36
148 0 36
149 0 36
150 0 36
151 0 36
152 0 36
153 0 36
154 0 36
155 0 36
156 0 36
157 0 36
158 0 36
159 0 36
160 0 36
161 0 36
162 0 36
163 0 36
164 0 36
165 0 36

26.0401
0 0 37
1 0 37
2 0 37
3 0 37
4 0 37
5 0 37
6 0 37
7 0 37
8 0 37
9 0 37
10 0 37
11 0 37
12 0 37
13 0 37
14 0 37
15 0 37
16 0 37
17 0 37
18 0 37
19 0 37
20 0 37
21 0 37
22 0 37
23 0 37
24 0 37
25 0 37
26 0 37
27 0 37
28 0 37
29 0 37
30 0 37
31 0 37
32 0 37
33 0 37
34 0 37
35 0 37
36 3 37
37 15 37
38 97 37
39 621 37
40 3568 37
41 16211 37
42 58634 37
43 169149 37
44 377758 37
45 670835 37
46 980179 37
47 1212821 37
48 1309780 37
49 1268250 37
50 1120423 37
51 907755 37
52 681665 37
53 478579 37
54 312096 37
55 192964 37
56 111283 37
57 61605 37
58 32679 37
59 16602 37
60 8319 37
61 4059 37
62 2115 37
63 1018 37
64 498 37
65 200 37
66 133 37
67 46 37
68 22 37
69 11 37
70 4 37
71 1 37
72 1 37
73 1 37
74 0 37
75 0 37
76 0 37
77 0 37
78 0 37
79 0 37
80 0 37
81 0 37
82 0 37
83 0 37
84 0 37
85 0 37
86 0 37
87 0 37
88 0 37
89 0 37
90 0 37
91 0 37
92 0 37
93 0 37
94 0 37
95 0 37
96 0 37
97 0 37
98 0 37
99 0 37
100 0 37
101 0 37
102 0 37
103 0 37
104 0 37
105 0 37
106 0 37
107 0 37
108 0 37
109 0 37
110 0 37
111 0 37
112 0 37
113 0 37
114 0 37
115 0 37
116 0 37
117 0 37
118 0 37
119 0 37
120 0 37
121 0 37
122 0 37
123 0 37
124 0 37
125 0 37
126 0 37
127 0 37
128 0 37
129 0 37
130 0 37
131 0 37
132 0 37
133 0 37
134 0 37
135 0 37
136 0 37
137 0 37
138 0 37
139 0 37
140 0 37
141 0 37
142 0 37
143 0 37
144 0 37
145 0 37
146 0 37
147 0 37
148 0 37
149 0 37
150 0 37
151 0 37
152 0 37
153 0 37
154 0 37
155 0 37
156 0 37
157 0 37
158 0 37
159 0 37
160 0 37
161 0 37
162 0 37
163 0 37
164 0 37
165 0 37

25.9369
0 0 38
1 0 38
2 0 38
3 0 38
4 0 38
5 0 38
6 0 38
7 0 38
8 0 38
9 0 38
10 0 38
11 0 38
12 0 38
13 0 38
14 0 38
15 0 38
16 0 38
17 0 38
18 0 38
19 0 38
20 0 38
21 0 38
22 0 38
23 0 38
24 0 38
25 0 38
26 0 38
27 0 38
28 0 38
29 0 38
30 0 38
31 0 38
32 0 38
33 0 38
34 0 38
35 0 38
36 0 38
37 0 38
38 0 38
39 0 38
40 0 38
41 2 38
42 33 38
43 226 38
44 1704 38
45 9722 38
46 41029 38
47 131635 38
48 321215 38
49 610120 38
50 931595 38
51 1187566 38
52 1316180 38
53 1300846 38
54 1160257 38
55 954923 38
56 725034 38
57 509992 38
58 335160 38
59 206162 38
60 119709 38
61 66839 38
62 34996 38
63 17417 38
64 9001 38
65 4473 38
66 2081 38
67 1090 38
68 513 38
69 255 38
70 138 38
71 33 38
72 21 38
73 17 38
74 9 38
75 4 38
76 3 38
77 0 38
78 0 38
79 0 38
80 0 38
81 0 38
82 0 38
83 0 38
84 0 38
85 0 38
86 0 38
87 0 38
88 0 38
89 0 38
90 0 38
91 0 38
92 0 38
93 0 38
94 0 38
95 0 38
96 0 38
97 0 38
98 0 38
99 0 38
100 0 38
101 0 38
102 0 38
103 0 38
104 0 38
105 0 38
106 0 38
107 0 38
108 0 38
109 0 38
110 0 38
111 0 38
112 0 38
113 0 38
114 0 38
115 0 38
116 0 38
117 0 38
118 0 38
119 0 38
120 0 38
121 0 38
122 0 38
123 0 38
124 0 38
125 0 38
126 0 38
127 0 38
128 0 38
129 0 38
130 0 38
131 0 38
132 0 38
133 0 38
134 0 38
135 0 38
136 0 38
137 0 38
138 0 38
139 0 38
140 0 38
141 0 38
142 0 38
143 0 38
144 0 38
145 0 38
146 0 38
147 0 38
148 0 38
149 0 38
150 0 38
151 0 38
152 0 38
153 0 38
154 0 38
155 0 38
156 0 38
157 0 38
158 0 38
159 0 38
160 0 38
161 0 38
162 0 38
163 0 38
164 0 38
165 0 38

25.7531
0 0 39
1 0 39
2 0 39
3 0 39
4 0 39
5 0 39
6 0 39
7 0 39
8 0 39
9 0 39
10 0 39
11 0 39
12 0 39
13 0 39
14 0 39
15 0 39
16 0 39
17 0 39
18 0 39
19 0 39
20 0 39
21 0 39
22 0 39
23 0 39
24 0 39
25 0 39
26 0 39
27 0 39
28 0 39
29 0 39
30 0 39
31 0 39
32 0 39
33 0 39
34 0 39
35 0 39
36 0 39
37 0 39
38 0 39
39 0 39
40 0 39
41 0 39
42 0 39
43 0 39
44 0 39
45 0 39
46 8 39
47 39 39
48 438 39
49 3152 39
50 17893 39
51 72063 39
52 212869 39
53 466338 39
54 800693 39
55 1105781 39
56 1298066 39
57 1343625 39
58 1248109 39
59 1057860 39
60 821748 39
61 593328 39
62 397277 39
63 248874 39
64 145644 39
65 79905 39
66 43128 39
67 22016 39
68 10852 39
69 5183 39
70 2463 39
71 1444 39
72 594 39
73 304 39
74 159 39
75 79 39
76 35 39
77 15 39
78 8 39
79 5 39
80 4 39
81 1 39
82 0 39
83 0 39
84 0 39
85 0 39
86 0 39
87 0 39
88 0 39
89 0 39
90 0 39
91 0 39
92 0 39
93 0 39
94 0 39
95 0 39
96 0 39
97 0 39
98 0 39
99 0 39
100 0 39
101 0 39
102 0 39
103 0 39
104 0 39
105 0 39
106 0 39
107 0 39
108 0 39
109 0 39
110 0 39
111 0 39
112 0 39
113 0 39
114 0 39
115 0 39
116 0 39
117 0 39
118 0 39
119 0 39
120 0 39
121 0 39
122 0 39
123 0 39
124 0 39
125 0 39
126 0 39
127 0 39
128 0 39
129 0 39
130 0 39
131 0 39
132 0 39
133 0 39
134 0 39
135 0 39
136 0 39
137 0 39
138 0 39
139 0 39
140 0 39
141 0 39
142 0 39
143 0 39
144 0 39
145 0 39
146 0 39
147 0 39
148 0 39
149 0 39
150 0 39
151 0 39
152 0 39
153 0 39
154 0 39
155 0 39
156 0 39
157 0 39
158 0 39
159 0 39
160 0 39
161 0 39
162 0 39
163 0 39
164 0 39
165 0 39

25.5094
0 0 40
1 0 40
2 0 40
3 0 40
4 0 40
5 0 40
6 0 40
7 0 40
8 0 40
9 0 40
10 0 40
11 0 40
12 0 40
13 0 40
14 0 40
15 0 40
16 0 40
17 0 40
18 0 40
19 0 40
20 0 40
21 0 40
22 0 40
23 0 40
24 0 40
25 0 40
26 0 40
27 0 40
28 0 40
29 0 40
30 0 40
31 0 40
32 0 40
33 0 40
34 0 40
35 0 40
36 0 40
37 0 40
38 0 40
39 0 40
40 0 40
41 0 40
42 0 40
43 0 40
44 0 40
45 0 40
46 0 40
47 0 40
48 0 40
49 0 40
50 0 40
51 2 40
52 35 40
53 420 40
54 3609 40
55 22078 40
56 91584 40
57 265344 40
58 562898 40
59 913295 40
60 1203533 40
61 1353386 40
62 1352823 40
63 1215809 40
64 992154 40
65 740406 40
66 514753 40
67 333074 40
68 201233 40
69 113073 40
70 60174 40
71 30014 40
72 15451 40
73 8082 40
74 3378 40
75 1724 40
76 758 40
77 481 40
78 244 40
79 98 40
80 51 40
81 27 40
82 1 40
83 6 40
84 1 40
85 1 40
86 0 40
87 0 40
88 0 40
89 0 40
90 0 40
91 0 40
92 0 40
93 0 40
94 0 40
95 0 40
96 0 40
97 0 40
98 0 40
99 0 40
100 0 40
101 0 40
102 0 40
103 0 40
104 0 40
105 0 40
106 0 40
107 0 40
108 0 40
109 0 40
110 0 40
111 0 40
112 0 40
113 0 40
114 0 40
115 0 40
116 0 40
117 0 40
118 0 40
119 0 40
120 0 40
121 0 40
122 0 40
123 0 40
124 0 40
125 0 40
126 0 40
127 0 40
128 0 40
129 0 40
130 0 40
131 0 40
132 0 40
133 0 40
134 0 40
135 0 40
136 0 40
137 0 40
138 0 40
139 0 40
140 0 40
141 0 40
142 0 40
143 0 40
144 0 40
145 0 40
146 0 40
147 0 40
148 0 40
149 0 40
150 0 40
151 0 40
152 0 40
153 0 40
154 0 40
155 0 40
156 0 40
157 0 40
158 0 40
159 0 40
160 0 40
161 0 40
162 0 40
163 0 40
164 0 40
165 0 40

25.2317
0 0 41
1 0 41
2 0 41
3 0 41
4 0 41
5 0 41
6 0 41
7 0 41
8 0 41
9 0 41
10 0 41
11 0 41
12 0 41
13 0 41
14 0 41
15 0 41
16 0 41
17 0 41
18 0 41
19 0 41
20 0 41
21 0 41
22 0 41
23 0 41
24 0 41
25 0 41
26 0 41
27 0 41
28 0 41
29 0 41
30 0 41
31 0 41
32 0 41
33 0 41
34 0 41
35 0 41
36 0 41
37 0 41
38 0 41
39 0 41
40 0 41
41 0 41
42 0 41
43 0 41
44 0 41
45 0 41
46 0 41
47 0 41
48 0 41
49 0 41
50 0 41
51 0 41
52 0 41
53 0 41
54 0 41
55 0 41
56 0 41
57 20 41
58 174 41
59 2251 41
60 16795 41
61 81927 41
62 261818 41
63 580269 41
64 945427 41
65 1249914 41
66 1397816 41
67 1379595 41
68 1218477 41
69 980949 41
70 719682 41
71 483858 41
72 305708 41
73 179247 41
74 97576 41
75 50375 41
76 25151 41
77 11553 41
78 5712 41
79 3076 41
80 1506 41
81 539 41
82 256 41
83 138 41
84 128 41
85 31 41
86 22 41
87 6 41
88 0 41
89 2 41
90 2 41
91 0 41
92 0 41
93 0 41
94 0 41
95 0 41
96 0 41
97 0 41
98 0 41
99 0 41
100 0 41
101 0 41
102 0 41
103 0 41
104 0 41
105 0 41
106 0 41
107 0 41
108 0 41
109 0 41
110 0 41
111 0 41
112 0 41
113 0 41
114 0 41
115 0 41
116 0 41
117 0 41
118 0 41
119 0 41
120 0 41
121 0 41
122 0 41
123 0 41
124 0 41
125 0 41
126 0 41
127 0 41
128 0 41
129 0 41
130 0 41
131 0 41
132 0 41
133 0 41
134 0 41
135 0 41
136 0 41
137 0 41
138 0 41
139 0 41
140 0 41
141 0 41
142 0 41
143 0 41
144 0 41
145 0 41
146 0 41
147 0 41
148 0 41
149 0 41
150 0 41
151 0 41
152 0 41
153 0 41
154 0 41
155 0 41
156 0 41
157 0 41
158 0 41
159 0 41
160 0 41
161 0 41
162 0 41
163 0 41
164 0 41
165 0 41

25.0442
0 0 42
1 0 42
2 0 42
3 0 42
4 0 42
5 0 42
6 0 42
7 0 42
8 0 42
9 0 42
10 0 42
11 0 42
12 0 42
13 0 42
14 0 42
15 0 42
16 0 42
17 0 42
18 0 42
19 0 42
20 0 42
21 0 42
22 0 42
23 0 42
24 0 42
25 0 42
26 0 42
27 0 42
28 0 42
29 0 42
30 0 42
31 0 42
32 0 42
33 0 42
34 0 42
35 0 42
36 0 42
37 0 42
38 0 42
39 0 42
40 0 42
41 0 42
42 0 42
43 0 42
44 0 42
45 0 42
46 0 42
47 0 42
48 0 42
49 0 42
50 0 42
51 0 42
52 0 42
53 0 42
54 0 42
55 0 42
56 0 42
57 0 42
58 0 42
59 0 42
60 0 42
61 0 42
62 3 42
63 30 42
64 618 42
65 6726 42
66 46661 42
67 187908 42
68 494830 42
69 885584 42
70 1231479 42
71 1430427 42
72 1446417 42
73 1286347 42
74 1027893 42
75 760871 42
76 511825 42
77 313550 42
78 177769 42
79 96783 42
80 51008 42
81 22437 42
82 10764 42
83 5233 42
84 2456 42
85 1182 42
86 779 42
87 197 42
88 111 42
89 28 42
90 45 42
91 25 42
92 11 42
93 0 42
94 2 42
95 0 42
96 1 42
97 0 42
98 0 42
99 0 42
100 0 42
101 0 42
102 0 42
103 0 42
104 0 42
105 0 42
106 0 42
107 0 42
108 0 42
109 0 42
110 0 42
111 0 42
112 0 42
113 0 42
114 0 42
115 0 42
116 0 42
117 0 42
118 0 42
119 0 42
120 0 42
121 0 42
122 0 42
123 0 42
124 0 42
125 0 42
126 0 42
127 0 42
128 0 42
129 0 42
130 0 42
131 0 42
132 0 42
133 0 42
134 0 42
135 0 42
136 0 42
137 0 42
138 0 42
139 0 42
140 0 42
141 0 42
142 0 42
143 0 42
144 0 42
145 0 42
146 0 42
147 0 42
148 0 42
149 0 42
150 0 42
151 0 42
152 0 42
153 0 42
154 0 42
155 0 42
156 0 42
157 0 42
158 0 42
159 0 42
160 0 42
161 0 42
162 0 42
163 0 42
164 0 42
165 0 42

24.4621
0 0 43
1 0 43
2 0 43
3 0 43
4 0 43
5 0 43
6 0 43
7 0 43
8 0 43
9 0 43
10 0 43
11 0 43
12 0 43
13 0 43
14 0 43
15 0 43
16 0 43
17 0 43
18 0 43
19 0 43
20 0 43
21 0 43
22 0 43
23 0 43
24 0 43
25 0 43
26 0 43
27 0 43
28 0 43
29 0 43
30 0 43
31 0 43
32 0 43
33 0 43
34 0 43
35 0 43
36 0 43
37 0 43
38 0 43
39 0 43
40 0 43
41 0 43
42 0 43
43 0 43
44 0 43
45 0 43
46 0 43
47 0 43
48 0 43
49 0 43
50 0 43
51 0 43
52 0 43
53 0 43
54 0 43
55 0 43
56 0 43
57 0 43
58 0 43
59 0 43
60 0 43
61 0 43
62 0 43
63 0 43
64 0 43
65 0 43
66 0 43
67 0 43
68 0 43
69 55 43
70 820 43
71 11538 43
72 78959 43
73 301200 43
74 693027 43
75 1112621 43
76 1415222 43
77 1521527 43
78 1427041 43
79 1177598 43
80 873436 43
81 592265 43
82 371119 43
83 213184 43
84 108048 43
85 53335 43
86 26873 43
87 13089 43
88 4545 43
89 2121 43
90 1132 43
91 676 43
92 296 43
93 221 43
94 2 43
95 10 43
96 8 43
97 18 43
98 8 43
99 6 43
100 0 43
101 0 43
102 0 43
103 0 43
104 0 43
105 0 43
106 0 43
107 0 43
108 0 43
109 0 43
110 0 43
111 0 43
112 0 43
113 0 43
114 0 43
115 0 43
116 0 43
117 0 43
118 0 43
119 0 43
120 0 43
121 0 43
122 0 43
123 0 43
124 0 43
125 0 43
126 0 43
127 0 43
128 0 43
129 0 43
130 0 43
131 0 43
132 0 43
133 0 43
134 0 43
135 0 43
136 0 43
137 0 43
138 0 43
139 0 43
140 0 43
141 0 43
142 0 43
143 0 43
144 0 43
145 0 43
146 0 43
147 0 43
148 0 43
149 0 43
150 0 43
151 0 43
152 0 43
153 0 43
154 0 43
155 0 43
156 0 43
157 0 43
158 0 43
159 0 43
160 0 43
161 0 43
162 0 43
163 0 43
164 0 43
165 0 43

23.9671
0 0 44
1 0 44
2 0 44
3 0 44
4 0 44
5 0 44
6 0 44
7 0 44
8 0 44
9 0 44
10 0 44
11 0 44
12 0 44
13 0 44
14 0 44
15 0 44
16 0 44
17 0 44
18 0 44
19 0 44
20 0 44
21 0 44
22 0 44
23 0 44
24 0 44
25 0 44
26 0 44
27 0 44
28 0 44
29 0 44
30 0 44
31 0 44
32 0 44
33 0 44
34 0 44
35 0 44
36 0 44
37 0 44
38 0 44
39 0 44
40 0 44
41 0 44
42 0 44
43 0 44
44 0 44
45 0 44
46 0 44
47 0 44
48 0 44
49 0 44
50 0 44
51 0 44
52 0 44
53 0 44
54 0 44
55 0 44
56 0 44
57 0 44
58 0 44
59 0 44
60 0 44
61 0 44
62 0 44
63 0 44
64 0 44
65 0 44
66 0 44
67 0 44
68 0 44
69 0 44
70 0 44
71 0 44
72 0 44
73 0 44
74 0 44
75 35 44
76 613 44
77 9899 44
78 85069 44
79 358302 44
80 797427 44
81 1246975 44
82 1558910 44
83 1571219 44
84 1422891 44
85 1105562 44
86 781293 44
87 488046 44
88 285111 44
89 154937 44
90 75578 44
91 30509 44
92 13155 44
93 9223 44
94 2806 44
95 1585 44
96 122 44
97 266 44
98 306 44
99 121 44
100 28 44
101 0 44
102 0 44
103 0 44
104 8 44
105 4 44
106 0 44
107 0 44
108 0 44
109 0 44
110 0 44
111 0 44
112 0 44
113 0 44
114 0 44
115 0 44
116 0 44
117 0 44
118 0 44
119 0 44
120 0 44
121 0 44
122 0 44
123 0 44
124 0 44
125 0 44
126 0 44
127 0 44
128 0 44
129 0 44
130 0 44
131 0 44
132 0 44
133 0 44
134 0 44
135 0 44
136 0 44
137 0 44
138 0 44
139 0 44
140 0 44
141 0 44
142 0 44
143 0 44
144 0 44
145 0 44
146 0 44
147 0 44
148 0 44
149 0 44
150 0 44
151 0 44
152 0 44
153 0 44
154 0 44
155 0 44
156 0 44
157 0 44
158 0 44
159 0 44
160 0 44
161 0 44
162 0 44
163 0 44
164 0 44
165 0 44

23.4535
0 0 45
1 0 45
2 0 45
3 0 45
4 0 45
5 0 45
6 0 45
7 0 45
8 0 45
9 0 45
10 0 45
11 0 45
12 0 45
13 0 45
14 0 45
15 0 45
16 0 45
17 0 45
18 0 45
19 0 45
20 0 45
21 0 45
22 0 45
23 0 45
24 0 45
25 0 45
26 0 45
27 0 45
28 0 45
29 0 45
30 0 45
31 0 45
32 0 45
33 0 45
34 0 45
35 0 45
36 0 45
37 0 45
38 0 45
39 0 45
40 0 45
41 0 45
42 0 45
43 0 45
44 0 45
45 0 45
46 0 45
47 0 45
48 0 45
49 0 45
50 0 45
51 0 45
52 0 45
53 0 45
54 0 45
55 0 45
56 0 45
57 0 45
58 0 45
59 0 45
60 0 45
61 0 45
62 0 45
63 0 45
64 0 45
65 0 45
66 0 45
67 0 45
68 0 45
69 0 45
70 0 45
71 0 45
72 0 45
73 0 45
74 0 45
75 0 45
76 0 45
77 0 45
78 0 45
79 0 45
80 0 45
81 7 45
82 102 45
83 3568 45
84 48263 45
85 300094 45
86 777325 45
87 1282341 45
88 1657587 45
89 1681706 45
90 1462056 45
91 1114338 45
92 761298 45
93 448101 45
94 243661 45
95 120676 45
96 59416 45
97 23183 45
98 9116 45
99 1978 45
100 3641 45
101 1051 45
102 315 45
103 0 45
104 4 45
105 115 45
106 54 45
107 0 45
108 0 45
109 0 45
110 0 45
111 0 45
112 4 45
113 0 45
114 0 45
115 0 45
116 0 45
117 0 45
118 0 45
119 0 45
120 0 45
121 0 45
122 0 45
123 0 45
124 0 45
125 0 45
126 0 45
127 0 45
128 0 45
129 0 45
130 0 45
131 0 45
132 0 45
133 0 45
134 0 45
135 0 45
136 0 45
137 0 45
138 0 45
139 0 45
140 0 45
141 0 45
142 0 45
143 0 45
144 0 45
145 0 45
146 0 45
147 0 45
148 0 45
149 0 45
150 0 45
151 0 45
152 0 45
153 0 45
154 0 45
155 0 45
156 0 45
157 0 45
158 0 45
159 0 45
160 0 45
161 0 45
162 0 45
163 0 45
164 0 45
165 0 45

22.8237
0 0 46
1 0 46
2 0 46
3 0 46
4 0 46
5 0 46
6 0 46
7 0 46
8 0 46
9 0 46
10 0 46
11 0 46
12 0 46
13 0 46
14 0 46
15 0 46
16 0 46
17 0 46
18 0 46
19 0 46
20 0 46
21 0 46
22 0 46
23 0 46
24 0 46
25 0 46
26 0 46
27 0 46
28 0 46
29 0 46
30 0 46
31 0 46
32 0 46
33 0 46
34 0 46
35 0 46
36 0 46
37 0 46
38 0 46
39 0 46
40 0 46
41 0 46
42 0 46
43 0 46
44 0 46
45 0 46
46 0 46
47 0 46
48 0 46
49 0 46
50 0 46
51 0 46
52 0 46
53 0 46
54 0 46
55 0 46
56 0 46
57 0 46
58 0 46
59 0 46
60 0 46
61 0 46
62 0 46
63 0 46
64 0 46
65 0 46
66 0 46
67 0 46
68 0 46
69 0 46
70 0 46
71 0 46
72 0 46
73 0 46
74 0 46
75 0 46
76 0 46
77 0 46
78 0 46
79 0 46
80 0 46
81 0 46
82 0 46
83 0 46
84 0 46
85 0 46
86 0 46
87 0 46
88 0 46
89 192 46
90 7878 46
91 131219 46
92 562448 46
93 1175270 46
94 1684266 46
95 1820807 46
96 1661801 46
97 1220571 46
98 803964 46
99 495852 46
100 249440 46
101 100353 46
102 51667 46
103 21468 46
104 8521 46
105 2188 46
106 169 46
107 1223 46
108 668 46
109 0 46
110 0 46
111 0 46
112 1 46
113 34 46
114 0 46
115 0 46
116 0 46
117 0 46
118 0 46
119 0 46
120 0 46
121 0 46
122 0 46
123 0 46
124 0 46
125 0 46
126 0 46
127 0 46
128 0 46
129 0 46
130 0 46
131 0 46
132 0 46
133 0 46
134 0 46
135 0 46
136 0 46
137 0 46
138 0 46
139 0 46
140 0 46
141 0 46
142 0 46
143 0 46
144 0 46
145 0 46
146 0 46
147 0 46
148 0 46
149 0 46
150 0 46
151 0 46
152 0 46
153 0 46
154 0 46
155 0 46
156 0 46
157 0 46
158 0 46
159 0 46
160 0 46
161 0 46
162 0 46
163 0 46
164 0 46
165 0 46

22.1421
0 0 47
1 0 47
2 0 47
3 0 47
4 0 47
5 0 47
6 0 47
7 0 47
8 0 47
9 0 47
10 0 47
11 0 47
12 0 47
13 0 47
14 0 47
15 0 47
16 0 47
17 0 47
18 0 47
19 0 47
20 0 47
21 0 47
22 0 47
23 0 47
24 0 47
25 0 47
26 0 47
27 0 47
28 0 47
29 0 47
30 0 47
31 0 47
32 0 47
33 0 47
34 0 47
35 0 47
36 0 47
37 0 47
38 0 47
39 0 47
40 0 47
41 0 47
42 0 47
43 0 47
44 0 47
45 0 47
46 0 47
47 0 47
48 0 47
49 0 47
50 0 47
51 0 47
52 0 47
53 0 47
54 0 47
55 0 47
56 0 47
57 0 47
58 0 47
59 0 47
60 0 47
61 0 47
62 0 47
63 0 47
64 0 47
65 0 47
66 0 47
67 0 47
68 0 47
69 0 47
70 0 47
71 0 47
72 0 47
73 0 47
74 0 47
75 0 47
76 0 47
77 0 47
78 0 47
79 0 47
80 0 47
81 0 47
82 0 47
83 0 47
84 0 47
85 0 47
86 0 47
87 0 47
88 0 47
89 0 47
90 0 47
91 0 47
92 0 47
93 0 47
94 0 47
95 0 47
96 0 47
97 7523 47
98 190166 47
99 726085 47
100 1519609 47
101 1944882 47
102 1931639 47
103 1541855 47
104 1052407 47
105 562958 47
106 296730 47
107 160016 47
108 36167 47
109 14083 47
110 10073 47
111 5344 47
112 0 47
113 0 47
114 28 47
115 432 47
116 0 47
117 0 47
118 0 47
119 0 47
120 0 47
121 3 47
122 0 47
123 0 47
124 0 47
125 0 47
126 0 47
127 0 47
128 0 47
129 0 47
130 0 47
131 0 47
132 0 47
133 0 47
134 0 47
135 0 47
136 0 47
137 0 47
138 0 47
139 0 47
140 0 47
141 0 47
142 0 47
143 0 47
144 0 47
145 0 47
146 0 47
147 0 47
148 0 47
149 0 47
150 0 47
151 0 47
152 0 47
153 0 47
154 0 47
155 0 47
156 0 47
157 0 47
158 0 47
159 0 47
160 0 47
161 0 47
162 0 47
163 0 47
164 0 47
165 0 47

21.1082
0 0 48
1 0 48
2 0 48
3 0 48
4 0 48
5 0 48
6 0 48
7 0 48
8 0 48
9 0 48
10 0 48
11 0 48
12 0 48
13 0 48
14 0 48
15 0 48
16 0 48
17 0 48
18 0 48
19 0 48
20 0 48
21 0 48
22 0 48
23 0 48
24 0 48
25 0 48
26 0 48
27 0 48
28 0 48
29 0 48
30 0 48
31 0 48
32 0 48
33 0 48
34 0 48
35 0 48
36 0 48
37 0 48
38 0 48
39 0 48
40 0 48
41 0 48
42 0 48
43 0 48
44 0 48
45 0 48
46 0 48
47 0 48
48 0 48
49 0 48
50 0 48
51 0 48
52 0 48
53 0 48
54 0 48
55 0 48
56 0 48
57 0 48
58 0 48
59 0 48
60 0 48
61 0 48
62 0 48
63 0 48
64 0 48
65 0 48
66 0 48
67 0 48
68 0 48
69 0 48
70 0 48
71 0 48
72 0 48
73 0 48
74 0 48
75 0 48
76 0 48
77 0 48
78 0 48
79 0 48
80 0 48
81 0 48
82 0 48
83 0 48
84 0 48
85 0 48
86 0 48
87 0 48
88 0 48
89 0 48
90 0 48
91 0 48
92 0 48
93 0 48
94 0 48
95 0 48
96 0 48
97 0 48
98 0 48
99 0 48
100 0 48
101 0 48
102 0 48
103 0 48
104 899 48
105 123104 48
106 745495 48
107 1620196 48
108 2314762 48
109 1985131 48
110 1553237 48
111 894353 48
112 477028 48
113 163760 48
114 85378 48
115 31460 48
116 0 48
117 669 48
118 4455 48
119 0 48
120 0 48
121 0 48
122 0 48
123 73 48
124 0 48
125 0 48
126 0 48
127 0 48
128 0 48
129 0 48
130 0 48
131 0 48
132 0 48
133 0 48
134 0 48
135 0 48
136 0 48
137 0 48
138 0 48
139 0 48
140 0 48
141 0 48
142 0 48
143 0 48
144 0 48
145 0 48
146 0 48
147 0 48
148 0 48
149 0 48
150 0 48
151 0 48
152 0 48
153 0 48
154 0 48
155 0 48
156 0 48
157 0 48
158 0 48
159 0 48
160 0 48
161 0 48
162 0 48
163 0 48
164 0 48
165 0 48

20.2488
0 0 49
1 0 49
2 0 49
3 0 49
4 0 49
5 0 49
6 0 49
7 0 49
8 0 49
9 0 49
10 0 49
11 0 49
12 0 49
13 0 49
14 0 49
15 0 49
16 0 49
17 0 49
18 0 49
19 0 49
20 0 49
21 0 49
22 0 49
23 0 49
24 0 49
25 0 49
26 0 49
27 0 49
28 0 49
29 0 49
30 0 49
31 0 49
32 0 49
33 0 49
34 0 49
35 0 49
36 0 49
37 0 49
38 0 49
39 0 49
40 0 49
41 0 49
42 0 49
43 0 49
44 0 49
45 0 49
46 0 49
47 0 49
48 0 49
49 0 49
50 0 49
51 0 49
52 0 49
53 0 49
54 0 49
55 0 49
56 0 49
57 0 49
58 0 49
59 0 49
60 0 49
61 0 49
62 0 49
63 0 49
64 0 49
65 0 49
66 0 49
67 0 49
68 0 49
69 0 49
70 0 49
71 0 49
72 0 49
73 0 49
74 0 49
75 0 49
76 0 49
77 0 49
78 0 49
79 0 49
80 0 49
81 0 49
82 0 49
83 0 49
84 0 49
85 0 49
86 0 49
87 0 49
88 0 49
89 0 49
90 0 49
91 0 49
92 0 49
93 0 49
94 0 49
95 0 49
96 0 49
97 0 49
98 0 49
99 0 49
100 0 49
101 0 49
102 0 49
103 0 49
104 0 49
105 0 49
106 0 49
107 0 49
108 0 49
109 0 49
110 0 49
111 0 49
112 17887 49
113 382707 49
114 1575693 49
115 2379844 49
116 2569457 49
117 1535219 49
118 927822 49
119 422092 49
120 145302 49
121 9604 49
122 33630 49
123 0 49
124 0 49
125 0 49
126 743 49
127 0 49
128 0 49
129 0 49
130 0 49
131 0 49
132 0 49
133 0 49
134 0 49
135 0 49
136 0 49
137 0 49
138 0 49
139 0 49
140 0 49
141 0 49
142 0 49
143 0 49
144 0 49
145 0 49
146 0 49
147 0 49
148 0 49
149 0 49
150 0 49
151 0 49
152 0 49
153 0 49
154 0 49
155 0 49
156 0 49
157 0 49
158 0 49
159 0 49
160 0 49
161 0 49
162 0 49
163 0 49
164 0 49
165 0 49

19.4143
0 0 50
1 0 50
2 0 50
3 0 50
4 0 50
5 0 50
6 0 50
7 0 50
8 0 50
9 0 50
10 0 50
11 0 50
12 0 50
13 0 50
14 0 50
15 0 50
16 0 50
17 0 50
18 0 50
19 0 50
20 0 50
21 0 50
22 0 50
23 0 50
24 0 50
25 0 50
26 0 50
27 0 50
28 0 50
29 0 50
30 0 50
31 0 50
32 0 50
33 0 50
34 0 50
35 0 50
36 0 50
37 0 50
38 0 50
39 0 50
40 0 50
41 0 50
42 0 50
43 0 50
44 0 50
45 0 50
46 0 50
47 0 50
48 0 50
49 0 50
50 0 50
51 0 50
52 0 50
53 0 50
54 0 50
55 0 50
56 0 50
57 0 50
58 0 50
59 0 50
60 0 50
61 0 50
62 0 50
63 0 50
64 0 50
65 0 50
66 0 50
67 0 50
68 0 50
69 0 50
70 0 50
71 0 50
72 0 50
73 0 50
74 0 50
75 0 50
76 0 50
77 0 50
78 0 50
79 0 50
80 0 50
81 0 50
82 0 50
83 0 50
84 0 50
85 0 50
86 0 50
87 0 50
88 0 50
89 0 50
90 0 50
91 0 50
92 0 50
93 0 50
94 0 50
95 0 50
96 0 50
97 0 50
98 0 50
99 0 50
100 0 50
101 0 50
102 0 50
103 0 50
104 0 50
105 0 50
106 0 50
107 0 50
108 0 50
109 0 50
110 0 50
111 0 50
112 0 50
113 0 50
114 0 50
115 0 50
116 0 50
117 0 50
118 0 50
119 0 50
120 29685 50
121 597424 50
122 2488334 50
123 2867971 50
124 2370643 50
125 1053231 50
126 385056 50
127 199624 50
128 0 50
129 0 50
130 8032 50
131 0 50
132 0 50
133 0 50
134 0 50
135 0 50
136 0 50
137 0 50
138 0 50
139 0 50
140 0 50
141 0 50
142 0 50
143 0 50
144 0 50
145 0 50
146 0 50
147 0 50
148 0 50
149 0 50
150 0 50
151 0 50
152 0 50
153 0 50
154 0 50
155 0 50
156 0 50
157 0 50
158 0 50
159 0 50
160 0 50
161 0 50
162 0 50
163 0 50
164 0 50
165 0 50

18.3177
0 0 51
1 0 51
2 0 51
3 0 51
4 0 51
5 0 51
6 0 51
7 0 51
8 0 51
9 0 51
10 0 51
11 0 51
12 0 51
13 0 51
14 0 51
15 0 51
16 0 51
17 0 51
18 0 51
19 0 51
20 0 51
21 0 51
22 0 51
23 0 51
24 0 51
25 0 51
26 0 51
27 0 51
28 0 51
29 0 51
30 0 51
31 0 51
32 0 51
33 0 51
34 0 51
35 0 51
36 0 51
37 0 51
38 0 51
39 0 51
40 0 51
41 0 51
42 0 51
43 0 51
44 0 51
45 0 51
46 0 51
47 0 51
48 0 51
49 0 51
50 0 51
51 0 51
52 0 51
53 0 51
54 0 51
55 0 51
56 0 51
57 0 51
58 0 51
59 0 51
60 0 51
61 0 51
62 0 51
63 0 51
64 0 51
65 0 51
66 0 51
67 0 51
68 0 51
69 0 51
70 0 51
71 0 51
72 0 51
73 0 51
74 0 51
75 0 51
76 0 51
77 0 51
78 0 51
79 0 51
80 0 51
81 0 51
82 0 51
83 0 51
84 0 51
85 0 51
86 0 51
87 0 51
88 0 51
89 0 51
90 0 51
91 0 51
92 0 51
93 0 51
94 0 51
95 0 51
96 0 51
97 0 51
98 0 51
99 0 51
100 0 51
101 0 51
102 0 51
103 0 51
104 0 51
105 0 51
106 0 51
107 0 51
108 0 51
109 0 51
110 0 51
111 0 51
112 0 51
113 0 51
114 0 51
115 0 51
116 0 51
117 0 51
118 0 51
119 0 51
120 0 51
121 0 51
122 0 51
123 0 51
124 0 51
125 0 51
126 0 51
127 0 51
128 0 51
129 507322 51
130 3048778 51
131 3791390 51
132 1627238 51
133 957683 51
134 0 51
135 67589 51
136 0 51
137 0 51
138 0 51
139 0 51
140 0 51
141 0 51
142 0 51
143 0 51
144 0 51
145 0 51
146 0 51
147 0 51
148 0 51
149 0 51
150 0 51
151 0 51
152 0 51
153 0 51
154 0 51
155 0 51
156 0 51
157 0 51
158 0 51
159 0 51
160 0 51
161 0 51
162 0 51
163 0 51
164 0 51
165 0 51

17.1917
0 0 52
1 0 52
2 0 52
3 0 52
4 0 52
5 0 52
6 0 52
7 0 52
8 0 52
9 0 52
10 0 52
11 0 52
12 0 52
13 0 52
14 0 52
15 0 52
16 0 52
17 0 52
18 0 52
19 0 52
20 0 52
21 0 52
22 0 52
23 0 52
24 0 52
25 0 52
26 0 52
27 0 52
28 0 52
29 0 52
30 0 52
31 0 52
32 0 52
33 0 52
34 0 52
35 0 52
36 0 52
37 0 52
38 0 52
39 0 52
40 0 52
41 0 52
42 0 52
43 0 52
44 0 52
45 0 52
46 0 52
47 0 52
48 0 52
49 0 52
50 0 52
51 0 52
52 0 52
53 0 52
54 0 52
55 0 52
56 0 52
57 0 52
58 0 52
59 0 52
60 0 52
61 0 52
62 0 52
63 0 52
64 0 52
65 0 52
66 0 52
67 0 52
68 0 52
69 0 52
70 0 52
71 0 52
72 0 52
73 0 52
74 0 52
75 0 52
76 0 52
77 0 52
78 0 52
79 0 52
80 0 52
81 0 52
82 0 52
83 0 52
84 0 52
85 0 52
86 0 52
87 0 52
88 0 52
89 0 52
90 0 52
91 0 52
92 0 52
93 0 52
94 0 52
95 0 52
96 0 52
97 0 52
98 0 52
99 0 52
100 0 52
101 0 52
102 0 52
103 0 52
104 0 52
105 0 52
106 0 52
107 0 52
108 0 52
109 0 52
110 0 52
111 0 52
112 0 52
113 0 52
114 0 52
115 0 52
116 0 52
117 0 52
118 0 52
119 0 52
120 0 52
121 0 52
122 0 52
123 0 52
124 0 52
125 0 52
126 0 52
127 0 52
128 0 52
129 0 52
130 0 52
131 0 52
132 0 52
133 0 52
134 0 52
135 0 52
136 0 52
137 0 52
138 2643299 52
139 5279949 52
140 1572715 52
141 504037 52
142 0 52
143 0 52
144 0 52
145 0 52
146 0 52
147 0 52
148 0 52
149 0 52
150 0 52
151 0 52
152 0 52
153 0 52
154 0 52
155 0 52
156 0 52
157 0 52
158 0 52
159 0 52
160 0 52
161 0 52
162 0 52
163 0 52
164 0 52
165 0 52

15.9485
0 0 53
1 0 53
2 0 53
3 0 53
4 0 53
5 0 53
6 0 53
7 0 53
8 0 53
9 0 53
10 0 53
11 0 53
12 0 53
13 0 53
14 0 53
15 0 53
16 0 53
17 0 53
18 0 53
19 0 53
20 0 53
21 0 53
22 0 53
23 0 53
24 0 53
25 0 53
26 0 53
27 0 53
28 0 53
29 0 53
30 0 53
31 0 53
32 0 53
33 0 53
34 0 53
35 0 53
36 0 53
37 0 53
38 0 53
39 0 53
40 0 53
41 0 53
42 0 53
43 0 53
44 0 53
45 0 53
46 0 53
47 0 53
48 0 53
49 0 53
50 0 53
51 0 53
52 0 53
53 0 53
54 0 53
55 0 53
56 0 53
57 0 53
58 0 53
59 0 53
60 0 53
61 0 53
62 0 53
63 0 53
64 0 53
65 0 53
66 0 53
67 0 53
68 0 53
69 0 53
70 0 53
71 0 53
72 0 53
73 0 53
74 0 53
75 0 53
76 0 53
77 0 53
78 0 53
79 0 53
80 0 53
81 0 53
82 0 53
83 0 53
84 0 53
85 0 53
86 0 53
87 0 53
88 0 53
89 0 53
90 0 53
91 0 53
92 0 53
93 0 53
94 0 53
95 0 53
96 0 53
97 0 53
98 0 53
99 0 53
100 0 53
101 0 53
102 0 53
103 0 53
104 0 53
105 0 53
106 0 53
107 0 53
108 0 53
109 0 53
110 0 53
111 0 53
112 0 53
113 0 53
114 0 53
115 0 53
116 0 53
117 0 53
118 0 53
119 0 53
120 0 53
121 0 53
122 0 53
123 0 53
124 0 53
125 0 53
126 0 53
127 0 53
128 0 53
129 0 53
130 0 53
131 0 53
132 0 53
133 0 53
134 0 53
135 0 53
136 0 53
137 0 53
138 0 53
139 0 53
140 0 53
141 0 53
142 0 53
143 0 53
144 0 53
145 0 53
146 0 53
147 6666391 53
148 3333609 53
149 0 53
150 0 53
151 0 53
152 0 53
153 0 53
154 0 53
155 0 53
156 0 53
157 0 53
158 0 53
159 0 53
160 0 53
161 0 53
162 0 53
163 0 53
164 0 53
165 0 53

14.1546
0 0 54
1 0 54
2 0 54
3 0 54
4 0 54
5 0 54
6 0 54
7 0 54
8 0 54
9 0 54
10 0 54
11 0 54
12 0 54
13 0 54
14 0 54
15 0 54
16 0 54
17 0 54
18 0 54
19 0 54
20 0 54
21 0 54
22 0 54
23 0 54
24 0 54
25 0 54
26 0 54
27 0 54
28 0 54
29 0 54
30 0 54
31 0 54
32 0 54
33 0 54
34 0 54
35 0 54
36 0 54
37 0 54
38 0 54
39 0 54
40 0 54
41 0 54
42 0 54
43 0 54
44 0 54
45 0 54
46 0 54
47 0 54
48 0 54
49 0 54
50 0 54
51 0 54
52 0 54
53 0 54
54 0 54
55 0 54
56 0 54
57 0 54
58 0 54
59 0 54
60 0 54
61 0 54
62 0 54
63 0 54
64 0 54
65 0 54
66 0 54
67 0 54
68 0 54
69 0 54
70 0 54
71 0 54
72 0 54
73 0 54
74 0 54
75 0 54
76 0 54
77 0 54
78 0 54
79 0 54
80 0 54
81 0 54
82 0 54
83 0 54
84 0 54
85 0 54
86 0 54
87 0 54
88 0 54
89 0 54
90 0 54
91 0 54
92 0 54
93 0 54
94 0 54
95 0 54
96 0 54
97 0 54
98 0 54
99 0 54
100 0 54
101 0 54
102 0 54
103 0 54
104 0 54
105 0 54
106 0 54
107 0 54
108 0 54
109 0 54
110 0 54
111 0 54
112 0 54
113 0 54
114 0 54
115 0 54
116 0 54
117 0 54
118 0 54
119 0 54
120 0 54
121 0 54
122 0 54
123 0 54
124 0 54
125 0 54
126 0 54
127 0 54
128 0 54
129 0 54
130 0 54
131 0 54
132 0 54
133 0 54
134 0 54
135 0 54
136 0 54
137 0 54
138 0 54
139 0 54
140 0 54
141 0 54
142 0 54
143 0 54
144 0 54
145 0 54
146 0 54
147 0 54
148 0 54
149 0 54
150 0 54
151 0 54
152 0 54
153 0 54
154 0 54
155 0 54
156 10000000 54
157 0 54
158 0 54
159 0 54
160 0 54
161 0 54
162 0 54
163 0 54
164 0 54
165 0 54

13.9067
0 0 55
1 0 55
2 0 55
3 0 55
4 0 55
5 0 55
6 0 55
7 0 55
8 0 55
9 0 55
10 0 55
11 0 55
12 0 55
13 0 55
14 0 55
15 0 55
16 0 55
17 0 55
18 0 55
19 0 55
20 0 55
21 0 55
22 0 55
23 0 55
24 0 55
25 0 55
26 0 55
27 0 55
28 0 55
29 0 55
30 0 55
31 0 55
32 0 55
33 0 55
34 0 55
35 0 55
36 0 55
37 0 55
38 0 55
39 0 55
40 0 55
41 0 55
42 0 55
43 0 55
44 0 55
45 0 55
46 0 55
47 0 55
48 0 55
49 0 55
50 0 55
51 0 55
52 0 55
53 0 55
54 0 55
55 0 55
56 0 55
57 0 55
58 0 55
59 0 55
60 0 55
61 0 55
62 0 55
63 0 55
64 0 55
65 0 55
66 0 55
67 0 55
68 0 55
69 0 55
70 0 55
71 0 55
72 0 55
73 0 55
74 0 55
75 0 55
76 0 55
77 0 55
78 0 55
79 0 55
80 0 55
81 0 55
82 0 55
83 0 55
84 0 55
85 0 55
86 0 55
87 0 55
88 0 55
89 0 55
90 0 55
91 0 55
92 0 55
93 0 55
94 0 55
95 0 55
96 0 55
97 0 55
98 0 55
99 0 55
100 0 55
101 0 55
102 0 55
103 0 55
104 0 55
105 0 55
106 0 55
107 0 55
108 0 55
109 0 55
110 0 55
111 0 55
112 0 55
113 0 55
114 0 55
115 0 55
116 0 55
117 0 55
118 0 55
119 0 55
120 0 55
121 0 55
122 0 55
123 0 55
124 0 55
125 0 55
126 0 55
127 0 55
128 0 55
129 0 55
130 0 55
131 0 55
132 0 55
133 0 55
134 0 55
135 0 55
136 0 55
137 0 55
138 0 55
139 0 55
140 0 55
141 0 55
142 0 55
143 0 55
144 0 55
145 0 55
146 0 55
147 0 55
148 0 55
149 0 55
150 0 55
151 0 55
152 0 55
153 0 55
154 0 55
155 0 55
156 0 55
157 0 55
158 0 55
159 0 55
160 0 55
161 0 55
162 0 55
163 0 55
164 0 55
165 10000000 55

