7 10000000
3.74084
0 9737496 3
1 262504 3
2 0 3
3 0 3
4 0 3
5 0 3
6 0 3
7 0 3
8 0 3
9 0 3
10 0 3
11 0 3
12 0 3
13 0 3
14 0 3
15 0 3
16 0 3
17 0 3
18 0 3
19 0 3
20 0 3
21 0 3
22 0 3
23 0 3
24 0 3
25 0 3
26 0 3
27 0 3
28 0 3
29 0 3
30 0 3
31 0 3
32 0 3
33 0 3
34 0 3
35 0 3

4.0865
0 8947567 4
1 1052433 4
2 0 4
3 0 4
4 0 4
5 0 4
6 0 4
7 0 4
8 0 4
9 0 4
10 0 4
11 0 4
12 0 4
13 0 4
14 0 4
15 0 4
16 0 4
17 0 4
18 0 4
19 0 4
20 0 4
21 0 4
22 0 4
23 0 4
24 0 4
25 0 4
26 0 4
27 0 4
28 0 4
29 0 4
30 0 4
31 0 4
32 0 4
33 0 4
34 0 4
35 0 4

4.45346
0 7472191 5
1 2424009 5
2 103800 5
3 0 5
4 0 5
5 0 5
6 0 5
7 0 5
8 0 5
9 0 5
10 0 5
11 0 5
12 0 5
13 0 5
14 0 5
15 0 5
16 0 5
17 0 5
18 0 5
19 0 5
20 0 5
21 0 5
22 0 5
23 0 5
24 0 5
25 0 5
26 0 5
27 0 5
28 0 5
29 0 5
30 0 5
31 0 5
32 0 5
33 0 5
34 0 5
35 0 5

4.8536
0 5412044 6
1 3930881 6
2 650698 6
3 0 6
4 6377 6
5 0 6
6 0 6
7 0 6
8 0 6
9 0 6
10 0 6
11 0 6
12 0 6
13 0 6
14 0 6
15 0 6
16 0 6
17 0 6
18 0 6
19 0 6
20 0 6
21 0 6
22 0 6
23 0 6
24 0 6
25 0 6
26 0 6
27 0 6
28 0 6
29 0 6
30 0 6
31 0 6
32 0 6
33 0 6
34 0 6
35 0 6

5.37773
0 3191932 7
1 4624620 7
2 2012272 7
3 126030 7
4 45146 7
5 0 7
6 0 7
7 0 7
8 0 7
9 0 7
10 0 7
11 0 7
12 0 7
13 0 7
14 0 7
15 0 7
16 0 7
17 0 7
18 0 7
19 0 7
20 0 7
21 0 7
22 0 7
23 0 7
24 0 7
25 0 7
26 0 7
27 0 7
28 0 7
29 0 7
30 0 7
31 0 7
32 0 7
33 0 7
34 0 7
35 0 7

5.68766
0 1419019 8
1 3780105 8
2 3677341 8
3 927797 8
4 164865 8
5 30873 8
6 0 8
7 0 8
8 0 8
9 0 8
10 0 8
11 0 8
12 0 8
13 0 8
14 0 8
15 0 8
16 0 8
17 0 8
18 0 8
19 0 8
20 0 8
21 0 8
22 0 8
23 0 8
24 0 8
25 0 8
26 0 8
27 0 8
28 0 8
29 0 8
30 0 8
31 0 8
32 0 8
33 0 8
34 0 8
35 0 8

6.10211
0 432213 9
1 1948596 9
2 3919049 9
3 2759629 9
4 682747 9
5 250741 9
6 0 9
7 7025 9
8 0 9
9 0 9
10 0 9
11 0 9
12 0 9
13 0 9
14 0 9
15 0 9
16 0 9
17 0 9
18 0 9
19 0 9
20 0 9
21 0 9
22 0 9
23 0 9
24 0 9
25 0 9
26 0 9
27 0 9
28 0 9
29 0 9
30 0 9
31 0 9
32 0 9
33 0 9
34 0 9
35 0 9

6.48036
0 83912 10
1 525163 10
2 2217965 10
3 3576861 10
4 2414872 10
5 936357 10
6 178495 10
7 65803 10
8 0 10
9 0 10
10 572 10
11 0 10
12 0 10
13 0 10
14 0 10
15 0 10
16 0 10
17 0 10
18 0 10
19 0 10
20 0 10
21 0 10
22 0 10
23 0 10
24 0 10
25 0 10
26 0 10
27 0 10
28 0 10
29 0 10
30 0 10
31 0 10
32 0 10
33 0 10
34 0 10
35 0 10

6.7546
0 11869 11
1 53375 11
2 488310 11
3 1945713 11
4 3164136 11
5 2672289 11
6 1249113 11
7 291760 11
8 116947 11
9 0 11
10 6488 11
11 0 11
12 0 11
13 0 11
14 0 11
15 0 11
16 0 11
17 0 11
18 0 11
19 0 11
20 0 11
21 0 11
22 0 11
23 0 11
24 0 11
25 0 11
26 0 11
27 0 11
28 0 11
29 0 11
30 0 11
31 0 11
32 0 11
33 0 11
34 0 11
35 0 11

6.95093
0 1164 12
1 0 12
2 42943 12
3 200127 12
4 1339758 12
5 2664997 12
6 2970907 12
7 1771862 12
8 877970 12
9 42955 12
10 72955 12
11 14362 12
12 0 12
13 0 12
14 0 12
15 0 12
16 0 12
17 0 12
18 0 12
19 0 12
20 0 12
21 0 12
22 0 12
23 0 12
24 0 12
25 0 12
26 0 12
27 0 12
28 0 12
29 0 12
30 0 12
31 0 12
32 0 12
33 0 12
34 0 12
35 0 12

7.07054
0 0 13
1 0 13
2 0 13
3 10418 13
4 36141 13
5 432323 13
6 1786264 13
7 2870952 13
8 2485781 13
9 1780312 13
10 432988 13
11 128879 13
12 15443 13
13 20499 13
14 0 13
15 0 13
16 0 13
17 0 13
18 0 13
19 0 13
20 0 13
21 0 13
22 0 13
23 0 13
24 0 13
25 0 13
26 0 13
27 0 13
28 0 13
29 0 13
30 0 13
31 0 13
32 0 13
33 0 13
34 0 13
35 0 13

7.06463
0 0 14
1 0 14
2 0 14
3 0 14
4 0 14
5 0 14
6 45194 14
7 302132 14
8 1932624 14
9 2511116 14
10 2850218 14
11 1717460 14
12 415388 14
13 216907 14
14 0 14
15 0 14
16 8961 14
17 0 14
18 0 14
19 0 14
20 0 14
21 0 14
22 0 14
23 0 14
24 0 14
25 0 14
26 0 14
27 0 14
28 0 14
29 0 14
30 0 14
31 0 14
32 0 14
33 0 14
34 0 14
35 0 14

6.88375
0 0 15
1 0 15
2 0 15
3 0 15
4 0 15
5 0 15
6 0 15
7 0 15
8 0 15
9 90662 15
10 1059209 15
11 2669518 15
12 2785745 15
13 2232265 15
14 1045955 15
15 0 15
16 115338 15
17 0 15
18 0 15
19 0 15
20 1308 15
21 0 15
22 0 15
23 0 15
24 0 15
25 0 15
26 0 15
27 0 15
28 0 15
29 0 15
30 0 15
31 0 15
32 0 15
33 0 15
34 0 15
35 0 15

6.60043
0 0 16
1 0 16
2 0 16
3 0 16
4 0 16
5 0 16
6 0 16
7 0 16
8 0 16
9 0 16
10 0 16
11 0 16
12 51304 16
13 1446658 16
14 2837917 16
15 3218100 16
16 1704269 16
17 721005 16
18 0 16
19 0 16
20 20747 16
21 0 16
22 0 16
23 0 16
24 0 16
25 0 16
26 0 16
27 0 16
28 0 16
29 0 16
30 0 16
31 0 16
32 0 16
33 0 16
34 0 16
35 0 16

6.1331
0 0 17
1 0 17
2 0 17
3 0 17
4 0 17
5 0 17
6 0 17
7 0 17
8 0 17
9 0 17
10 0 17
11 0 17
12 0 17
13 0 17
14 0 17
15 0 17
16 527902 17
17 3507417 17
18 2805675 17
19 2983990 17
20 0 17
21 175016 17
22 0 17
23 0 17
24 0 17
25 0 17
26 0 17
27 0 17
28 0 17
29 0 17
30 0 17
31 0 17
32 0 17
33 0 17
34 0 17
35 0 17

5.10352
0 0 18
1 0 18
2 0 18
3 0 18
4 0 18
5 0 18
6 0 18
7 0 18
8 0 18
9 0 18
10 0 18
11 0 18
12 0 18
13 0 18
14 0 18
15 0 18
16 0 18
17 0 18
18 0 18
19 0 18
20 790619 18
21 4737701 18
22 3420169 18
23 1051511 18
24 0 18
25 0 18
26 0 18
27 0 18
28 0 18
29 0 18
30 0 18
31 0 18
32 0 18
33 0 18
34 0 18
35 0 18

3.20686
0 0 19
1 0 19
2 0 19
3 0 19
4 0 19
5 0 19
6 0 19
7 0 19
8 0 19
9 0 19
10 0 19
11 0 19
12 0 19
13 0 19
14 0 19
15 0 19
16 0 19
17 0 19
18 0 19
19 0 19
20 0 19
21 0 19
22 0 19
23 0 19
24 0 19
25 4997525 19
26 5002475 19
27 0 19
28 0 19
29 0 19
30 0 19
31 0 19
32 0 19
33 0 19
34 0 19
35 0 19

2.95149
0 0 20
1 0 20
2 0 20
3 0 20
4 0 20
5 0 20
6 0 20
7 0 20
8 0 20
9 0 20
10 0 20
11 0 20
12 0 20
13 0 20
14 0 20
15 0 20
16 0 20
17 0 20
18 0 20
19 0 20
20 0 20
21 0 20
22 0 20
23 0 20
24 0 20
25 0 20
26 0 20
27 0 20
28 0 20
29 0 20
30 10000000 20
31 0 20
32 0 20
33 0 20
34 0 20
35 0 20

2.89475
0 0 21
1 0 21
2 0 21
3 0 21
4 0 21
5 0 21
6 0 21
7 0 21
8 0 21
9 0 21
10 0 21
11 0 21
12 0 21
13 0 21
14 0 21
15 0 21
16 0 21
17 0 21
18 0 21
19 0 21
20 0 21
21 0 21
22 0 21
23 0 21
24 0 21
25 0 21
26 0 21
27 0 21
28 0 21
29 0 21
30 0 21
31 0 21
32 0 21
33 0 21
34 0 21
35 10000000 21
